{
  "Live": 195.070422535211,
  "Minute": 195.317900036733,
  "Minute_Fluctuation": 0.01512788920110999,
  "Minute_5": 193.469685438752,
  "Minute_5_Fluctuation": 0.08251999545431515,
  "Minute_10": 190.943647692286,
  "Minute_10_Fluctuation": 0.11952000398897805,
  "Hour": 190.90956154707,
  "Hour_Fluctuation": 0.12031017899679827,
  "Day": 190.90956154707,
  "Day_Fluctuation": 0.12031017899679824,
  "ThreeDay": 190.90956154707,
  "ThreeDay_Fluctuation": 0.12031017899679827,
  "Week": 190.90956154707,
  "Week_Fluctuation": 0.12031017899679824,
  "Duration": "00:11:48.4542353",
  "Updated": "2021-07-22T19:31:51.5603176Z",
  "Failed": 30,
  "PowerDraw_Live": 109.0,
  "PowerDraw_Average": 109.0,
  "Diff_Live": 0.0,
  "Diff_Average": 0.0,
  "Ratio_Live": 0.0
}
