{
  "Live": 987402.260869565,
  "Minute": 986026.571273495,
  "Minute_Fluctuation": 0.009504233971126305,
  "Minute_5": 941562.91103749,
  "Minute_5_Fluctuation": 0.03474494525792073,
  "Minute_10": 929482.057278658,
  "Minute_10_Fluctuation": 0.029153391054166214,
  "Hour": 961133.439710712,
  "Hour_Fluctuation": 0.03336517953066575,
  "Day": 988957.267108471,
  "Day_Fluctuation": 0.013177111732802265,
  "ThreeDay": 988957.267108471,
  "ThreeDay_Fluctuation": 0.013177111732802265,
  "Week": 988957.267108471,
  "Week_Fluctuation": 0.013177111732802265,
  "Duration": "10:44:30.7370169",
  "Updated": "2021-07-23T08:07:56.4550264Z",
  "Failed": 30,
  "PowerDraw_Live": 109.0,
  "PowerDraw_Average": 85.43675161025477,
  "Diff_Live": 0.0,
  "Diff_Average": 0.0,
  "Ratio_Live": 0.0
}
