{
  "Live": 0.00000000000135396710440563,
  "Minute": 0.00000000000135396710440563,
  "Minute_Fluctuation": 0.0,
  "Minute_5": 0.00000000000135815745778909,
  "Minute_5_Fluctuation": 0.005777601651296285,
  "Minute_10": 0.00000000000135848948257971,
  "Minute_10_Fluctuation": 0.008418980199162613,
  "Hour": 0.00000000000137703939570911,
  "Hour_Fluctuation": 0.07373071878061128,
  "Day": 0.00000000000122768931356562,
  "Day_Fluctuation": 0.13529601363208354,
  "ThreeDay": 0.00000000000122768931356562,
  "ThreeDay_Fluctuation": 0.13529601363208354,
  "Week": 0.00000000000122768931356562,
  "Week_Fluctuation": 0.13529601363208354,
  "Duration": "14:51:26.7757940",
  "Updated": "2021-07-23T08:12:42.6276827Z",
  "Failed": 0,
  "HashRate_Live": 2088801974666.0,
  "HashRate_Average": 2095505320903.0198,
  "BlockRate_Live": 651.0,
  "BlockRate_Average": 663.9014197793654,
  "Actual24h_Week": 0.0,
  "Estimate24h_Week": 0.0,
  "ErrorRatio": 1.0
}
