{
  "Live": 0.0000000000145803,
  "Minute": 0.0000000000145803,
  "Minute_Fluctuation": 0.0,
  "Minute_5": 0.000000000016634249906225,
  "Minute_5_Fluctuation": 0.17709237478250048,
  "Minute_10": 0.0000000000188058132960013,
  "Minute_10_Fluctuation": 0.20140873660133848,
  "Hour": 0.0000000000178933884481168,
  "Hour_Fluctuation": 0.22497239293039245,
  "Day": 0.0000000000160083224065111,
  "Day_Fluctuation": 0.16618603634659881,
  "ThreeDay": 0.0000000000160083224065111,
  "ThreeDay_Fluctuation": 0.16618603634659881,
  "Week": 0.0000000000160083224065111,
  "Week_Fluctuation": 0.16618603634659881,
  "Duration": "14:51:26.7757940",
  "Updated": "2021-07-23T08:12:42.9411417Z",
  "Failed": 0,
  "HashRate_Live": 0.0,
  "HashRate_Average": 0.0,
  "BlockRate_Live": 0.0,
  "BlockRate_Average": 0.0,
  "Actual24h_Week": 0.0,
  "Estimate24h_Week": 0.0,
  "ErrorRatio": 1.0
}
