{
  "Live": 0.000000000002419,
  "Minute": 0.000000000002419,
  "Minute_Fluctuation": 0.0,
  "Minute_5": 0.00000000000241215356401101,
  "Minute_5_Fluctuation": 0.004523131317388736,
  "Minute_10": 0.00000000000241551786084382,
  "Minute_10_Fluctuation": 0.009826255363445531,
  "Hour": 0.00000000000257387049600739,
  "Hour_Fluctuation": 0.07028041609565841,
  "Day": 0.00000000000291054676810235,
  "Day_Fluctuation": 0.0475990000941118,
  "ThreeDay": 0.00000000000291054676810235,
  "ThreeDay_Fluctuation": 0.0475990000941118,
  "Week": 0.00000000000291054676810235,
  "Week_Fluctuation": 0.0475990000941118,
  "Duration": "14:51:26.7757940",
  "Updated": "2021-07-23T08:12:42.8458469Z",
  "Failed": 0,
  "HashRate_Live": 0.0,
  "HashRate_Average": 0.0,
  "BlockRate_Live": 0.0,
  "BlockRate_Average": 0.0,
  "Actual24h_Week": 0.0,
  "Estimate24h_Week": 0.0,
  "ErrorRatio": 1.0
}
