{
  "Live": 0.0000000000000005,
  "Minute": 0.0000000000000005,
  "Minute_Fluctuation": 2.220446049250313E-16,
  "Minute_5": 0.0000000000000010499456623546,
  "Minute_5_Fluctuation": 0.570552848260717,
  "Minute_10": 0.0000000000000011575938525235,
  "Minute_10_Fluctuation": 0.7091187840049933,
  "Hour": 0.0000000000000008722580076962,
  "Hour_Fluctuation": 0.5661403535320145,
  "Day": 0.0000000000000007312437052866,
  "Day_Fluctuation": 0.36520939522575535,
  "ThreeDay": 0.0000000000000007312437052866,
  "ThreeDay_Fluctuation": 0.3652093952257554,
  "Week": 0.0000000000000007312437052866,
  "Week_Fluctuation": 0.36520939522575535,
  "Duration": "14:51:26.7757940",
  "Updated": "2021-07-23T08:12:42.9196002Z",
  "Failed": 0,
  "HashRate_Live": 0.0,
  "HashRate_Average": 0.0,
  "BlockRate_Live": 0.0,
  "BlockRate_Average": 0.0,
  "Actual24h_Week": 0.0,
  "Estimate24h_Week": 0.0,
  "ErrorRatio": 1.0
}
