{
  "Live": 0.0000000000000973,
  "Minute": 0.0000000000000973,
  "Minute_Fluctuation": 0.0,
  "Minute_5": 0.000000000000097115662355424,
  "Minute_5_Fluctuation": 0.0024937664540302805,
  "Minute_10": 0.0000000000000969764787136821,
  "Minute_10_Fluctuation": 0.0019151532668468553,
  "Hour": 0.0000000000000971365036237064,
  "Hour_Fluctuation": 0.003980471637870939,
  "Day": 0.0000000000000978022979933472,
  "Day_Fluctuation": 0.005328547720336397,
  "ThreeDay": 0.0000000000000978022979933472,
  "ThreeDay_Fluctuation": 0.005328547720336397,
  "Week": 0.0000000000000978022979933472,
  "Week_Fluctuation": 0.005328547720336396,
  "Duration": "14:51:26.7757940",
  "Updated": "2021-07-23T08:12:42.9986589Z",
  "Failed": 0,
  "HashRate_Live": 0.0,
  "HashRate_Average": 0.0,
  "BlockRate_Live": 0.0,
  "BlockRate_Average": 0.0,
  "Actual24h_Week": 0.0,
  "Estimate24h_Week": 0.0,
  "ErrorRatio": 1.0
}
