{
  "Live": 0.00000000000236168,
  "Minute": 0.00000000000236168,
  "Minute_Fluctuation": 0.0,
  "Minute_5": 0.00000000000236224748245424,
  "Minute_5_Fluctuation": 0.0005944508987077949,
  "Minute_10": 0.00000000000236222618334471,
  "Minute_10_Fluctuation": 0.0009533492113148613,
  "Hour": 0.00000000000236484394434836,
  "Hour_Fluctuation": 0.0033312692062737867,
  "Day": 0.0000000000023491976597775,
  "Day_Fluctuation": 0.009696101007512945,
  "ThreeDay": 0.0000000000023491976597775,
  "ThreeDay_Fluctuation": 0.009696101007512945,
  "Week": 0.0000000000023491976597775,
  "Week_Fluctuation": 0.009696101007512945,
  "Duration": "14:51:26.7757940",
  "Updated": "2021-07-23T08:12:42.9022432Z",
  "Failed": 0,
  "HashRate_Live": 0.0,
  "HashRate_Average": 0.0,
  "BlockRate_Live": 0.0,
  "BlockRate_Average": 0.0,
  "Actual24h_Week": 0.0,
  "Estimate24h_Week": 0.0,
  "ErrorRatio": 1.0
}
