{
  "Live": 0.0000000000000371,
  "Minute": 0.0000000000000371,
  "Minute_Fluctuation": 0.0,
  "Minute_5": 0.0000000000000373188619012224,
  "Minute_5_Fluctuation": 0.03256113262212866,
  "Minute_10": 0.0000000000000423661798969953,
  "Minute_10_Fluctuation": 0.25787577501779485,
  "Hour": 0.000000000000102138678363056,
  "Hour_Fluctuation": 0.34773929144860094,
  "Day": 0.000000000000121490448281495,
  "Day_Fluctuation": 0.26959099722416763,
  "ThreeDay": 0.000000000000121490448281495,
  "ThreeDay_Fluctuation": 0.26959099722416763,
  "Week": 0.000000000000121490448281495,
  "Week_Fluctuation": 0.26959099722416763,
  "Duration": "02:15:40.5446767",
  "Updated": "2021-07-23T07:35:35.1579627Z",
  "Failed": 30,
  "HashRate_Live": 0.0,
  "HashRate_Average": 0.0,
  "BlockRate_Live": 0.0,
  "BlockRate_Average": 0.0,
  "Actual24h_Week": 0.0,
  "Estimate24h_Week": 0.0,
  "ErrorRatio": 1.0
}
