{
  "Live": 0.00000000000135268,
  "Minute": 0.00000000000135268,
  "Minute_Fluctuation": 0.0,
  "Minute_5": 0.00000000000135252429233381,
  "Minute_5_Fluctuation": 0.0010966282175870702,
  "Minute_10": 0.00000000000135050393419961,
  "Minute_10_Fluctuation": 0.0031265732592683803,
  "Hour": 0.00000000000134545605695204,
  "Hour_Fluctuation": 0.005867661197674152,
  "Day": 0.00000000000126689571545194,
  "Day_Fluctuation": 0.03069630862164392,
  "ThreeDay": 0.00000000000126689571545194,
  "ThreeDay_Fluctuation": 0.03069630862164392,
  "Week": 0.00000000000126689571545194,
  "Week_Fluctuation": 0.030696308621643915,
  "Duration": "14:51:26.7757940",
  "Updated": "2021-07-23T08:12:42.8328316Z",
  "Failed": 0,
  "HashRate_Live": 0.0,
  "HashRate_Average": 0.0,
  "BlockRate_Live": 0.0,
  "BlockRate_Average": 0.0,
  "Actual24h_Week": 0.0,
  "Estimate24h_Week": 0.0,
  "ErrorRatio": 1.0
}
