{
  "Live": 0.00000000162105129,
  "Minute": 0.00000000162105129,
  "Minute_Fluctuation": 0.0,
  "Minute_5": 0.00000000162078255536395,
  "Minute_5_Fluctuation": 0.0003172859280331911,
  "Minute_10": 0.00000000162157677820629,
  "Minute_10_Fluctuation": 0.002169449388019073,
  "Hour": 0.00000000162430953755715,
  "Hour_Fluctuation": 0.007859680351865933,
  "Day": 0.00000000161909400740031,
  "Day_Fluctuation": 0.02247753270053447,
  "ThreeDay": 0.00000000161909400740031,
  "ThreeDay_Fluctuation": 0.022477532700534465,
  "Week": 0.00000000161909400740031,
  "Week_Fluctuation": 0.02247753270053447,
  "Duration": "14:51:26.7757940",
  "Updated": "2021-07-23T08:12:42.8694069Z",
  "Failed": 0,
  "HashRate_Live": 0.0,
  "HashRate_Average": 0.0,
  "BlockRate_Live": 0.0,
  "BlockRate_Average": 0.0,
  "Actual24h_Week": 0.0,
  "Estimate24h_Week": 0.0,
  "ErrorRatio": 1.0
}
