{
  "Live": 0.0000000000000098,
  "Minute": 0.0000000000000098,
  "Minute_Fluctuation": 0.0,
  "Minute_5": 0.0000000000000095150369809809,
  "Minute_5_Fluctuation": 0.17981075439889116,
  "Minute_10": 0.0000000000000081614217673933,
  "Minute_10_Fluctuation": 0.4952310568570947,
  "Hour": 0.0000000000000058554381008164,
  "Hour_Fluctuation": 0.4963448349776071,
  "Day": 0.0000000000000037385697245114,
  "Day_Fluctuation": 0.3920779085027735,
  "ThreeDay": 0.0000000000000037385697245114,
  "ThreeDay_Fluctuation": 0.3920779085027735,
  "Week": 0.0000000000000037385697245114,
  "Week_Fluctuation": 0.3920779085027735,
  "Duration": "14:51:26.7757940",
  "Updated": "2021-07-23T08:12:42.9306898Z",
  "Failed": 0,
  "HashRate_Live": 0.0,
  "HashRate_Average": 0.0,
  "BlockRate_Live": 0.0,
  "BlockRate_Average": 0.0,
  "Actual24h_Week": 0.0,
  "Estimate24h_Week": 0.0,
  "ErrorRatio": 1.0
}
