{
  "Live": 0.000000079058580698448,
  "Minute": 0.000000079058580698448,
  "Minute_Fluctuation": 0.0,
  "Minute_5": 0.000000077661272691091,
  "Minute_5_Fluctuation": 0.031874486329664345,
  "Minute_10": 0.000000075460337975399,
  "Minute_10_Fluctuation": 0.06014574756115829,
  "Hour": 0.0000000726718002751421,
  "Hour_Fluctuation": 0.09731152712354356,
  "Day": 0.000000082797583180453,
  "Day_Fluctuation": 0.11969426973045537,
  "ThreeDay": 0.000000082797583180453,
  "ThreeDay_Fluctuation": 0.11969426973045537,
  "Week": 0.000000082797583180453,
  "Week_Fluctuation": 0.11969426973045537,
  "Duration": "14:51:26.7757940",
  "Updated": "2021-07-23T08:12:42.8539244Z",
  "Failed": 0,
  "HashRate_Live": 0.0,
  "HashRate_Average": 0.0,
  "BlockRate_Live": 0.0,
  "BlockRate_Average": 0.0,
  "Actual24h_Week": 0.0,
  "Estimate24h_Week": 0.0,
  "ErrorRatio": 1.0
}
