{
  "Live": 0.00000000000000196,
  "Minute": 0.00000000000000196,
  "Minute_Fluctuation": 0.0,
  "Minute_5": 0.0000000000000019556685031972,
  "Minute_5_Fluctuation": 0.02675502468829054,
  "Minute_10": 0.0000000000000018963810866121,
  "Minute_10_Fluctuation": 0.07434775839425774,
  "Hour": 0.0000000000000018623126702212,
  "Hour_Fluctuation": 0.08338338071094206,
  "Day": 0.0000000000000018111053588529,
  "Day_Fluctuation": 0.1676591136987098,
  "ThreeDay": 0.0000000000000018111053588529,
  "ThreeDay_Fluctuation": 0.1676591136987098,
  "Week": 0.0000000000000018111053588529,
  "Week_Fluctuation": 0.1676591136987098,
  "Duration": "14:51:26.7757940",
  "Updated": "2021-07-23T08:12:42.9492295Z",
  "Failed": 0,
  "HashRate_Live": 0.0,
  "HashRate_Average": 0.0,
  "BlockRate_Live": 0.0,
  "BlockRate_Average": 0.0,
  "Actual24h_Week": 0.0,
  "Estimate24h_Week": 0.0,
  "ErrorRatio": 1.0
}
