{
  "Live": 0.00000000077945292,
  "Minute": 0.00000000077945292,
  "Minute_Fluctuation": 0.0,
  "Minute_5": 0.000000000792045237845046,
  "Minute_5_Fluctuation": 0.025184477084709837,
  "Minute_10": 0.000000000809521491644029,
  "Minute_10_Fluctuation": 0.03732106147220489,
  "Hour": 0.000000000841644452773425,
  "Hour_Fluctuation": 0.06502207786253579,
  "Day": 0.000000000738440440367586,
  "Day_Fluctuation": 0.09630629791690051,
  "ThreeDay": 0.000000000738440440367586,
  "ThreeDay_Fluctuation": 0.09630629791690051,
  "Week": 0.000000000738440440367586,
  "Week_Fluctuation": 0.09630629791690051,
  "Duration": "14:51:26.7757940",
  "Updated": "2021-07-23T08:12:42.8909423Z",
  "Failed": 0,
  "HashRate_Live": 0.0,
  "HashRate_Average": 0.0,
  "BlockRate_Live": 0.0,
  "BlockRate_Average": 0.0,
  "Actual24h_Week": 0.0,
  "Estimate24h_Week": 0.0,
  "ErrorRatio": 1.0
}
