{
  "Live": 0.00000000134351522,
  "Minute": 0.00000000134351522,
  "Minute_Fluctuation": 0.0,
  "Minute_5": 0.00000000136454672531429,
  "Minute_5_Fluctuation": 0.024857805826297555,
  "Minute_10": 0.00000000136209290584429,
  "Minute_10_Fluctuation": 0.03480146020357422,
  "Hour": 0.00000000122959097916893,
  "Hour_Fluctuation": 0.0798829835361628,
  "Day": 0.00000000126828758362912,
  "Day_Fluctuation": 0.09448221048021846,
  "ThreeDay": 0.00000000126828758362912,
  "ThreeDay_Fluctuation": 0.09448221048021846,
  "Week": 0.00000000126828758362912,
  "Week_Fluctuation": 0.09448221048021846,
  "Duration": "14:51:26.7757940",
  "Updated": "2021-07-23T08:12:42.8791307Z",
  "Failed": 0,
  "HashRate_Live": 0.0,
  "HashRate_Average": 0.0,
  "BlockRate_Live": 0.0,
  "BlockRate_Average": 0.0,
  "Actual24h_Week": 0.0,
  "Estimate24h_Week": 0.0,
  "ErrorRatio": 1.0
}
