{
  "Live": 0.00000000000000508,
  "Minute": 0.00000000000000508,
  "Minute_Fluctuation": 0.0,
  "Minute_5": 0.0000000000000048779100832026,
  "Minute_5_Fluctuation": 0.07673738197004483,
  "Minute_10": 0.0000000000000049515141228677,
  "Minute_10_Fluctuation": 0.0920589129277055,
  "Hour": 0.0000000000000067517423604066,
  "Hour_Fluctuation": 0.22843786976433159,
  "Day": 0.000000000000004098443712862,
  "Day_Fluctuation": 0.5248348931127711,
  "ThreeDay": 0.000000000000004098443712862,
  "ThreeDay_Fluctuation": 0.5248348931127711,
  "Week": 0.000000000000004098443712862,
  "Week_Fluctuation": 0.5248348931127711,
  "Duration": "14:51:26.7757940",
  "Updated": "2021-07-23T08:12:42.9649469Z",
  "Failed": 0,
  "HashRate_Live": 0.0,
  "HashRate_Average": 0.0,
  "BlockRate_Live": 0.0,
  "BlockRate_Average": 0.0,
  "Actual24h_Week": 0.0,
  "Estimate24h_Week": 0.0,
  "ErrorRatio": 1.0
}
