{
  "Live": 0.00000057172433798,
  "Minute": 0.00000057172433798,
  "Minute_Fluctuation": 0.0,
  "Minute_5": 0.000000589524607175093,
  "Minute_5_Fluctuation": 0.03997792361352456,
  "Minute_10": 0.00000060521568896057,
  "Minute_10_Fluctuation": 0.0353928353573104,
  "Hour": 0.000000602534500418144,
  "Hour_Fluctuation": 0.05914002183149696,
  "Day": 0.000000557664057667767,
  "Day_Fluctuation": 0.06744052707163244,
  "ThreeDay": 0.000000557664057667767,
  "ThreeDay_Fluctuation": 0.06744052707163244,
  "Week": 0.000000557664057667767,
  "Week_Fluctuation": 0.06744052707163244,
  "Duration": "14:51:26.7757940",
  "Updated": "2021-07-23T08:12:42.8622429Z",
  "Failed": 0,
  "HashRate_Live": 0.0,
  "HashRate_Average": 0.0,
  "BlockRate_Live": 0.0,
  "BlockRate_Average": 0.0,
  "Actual24h_Week": 0.0,
  "Estimate24h_Week": 0.0,
  "ErrorRatio": 1.0
}
