{
  "Live": 0.00000000000000039,
  "Minute": 0.00000000000000039,
  "Minute_Fluctuation": 0.0,
  "Minute_5": 0.0000000000000003898124865269,
  "Minute_5_Fluctuation": 0.0036495291816260387,
  "Minute_10": 0.000000000000000384662865005,
  "Minute_10_Fluctuation": 0.04709062599307109,
  "Hour": 0.000000000000000322269610764,
  "Hour_Fluctuation": 0.1169967405269151,
  "Day": 0.0000000000000002704589710482,
  "Day_Fluctuation": 0.032763546695996494,
  "ThreeDay": 0.0000000000000002704589710482,
  "ThreeDay_Fluctuation": 0.032763546695996494,
  "Week": 0.0000000000000002704589710482,
  "Week_Fluctuation": 0.032763546695996494,
  "Duration": "14:51:26.7757940",
  "Updated": "2021-07-23T08:12:42.95708Z",
  "Failed": 0,
  "HashRate_Live": 0.0,
  "HashRate_Average": 0.0,
  "BlockRate_Live": 0.0,
  "BlockRate_Average": 0.0,
  "Actual24h_Week": 0.0,
  "Estimate24h_Week": 0.0,
  "ErrorRatio": 1.0
}
