{
  "Live": 0.00000000000174754523668831,
  "Minute": 0.00000000000174754523668831,
  "Minute_Fluctuation": 0.0002410432093316498,
  "Minute_5": 0.00000000000174750488966341,
  "Minute_5_Fluctuation": 0.001055963746645926,
  "Minute_10": 0.00000000000175006688081898,
  "Minute_10_Fluctuation": 0.006750196670770505,
  "Hour": 0.00000000000176571735561949,
  "Hour_Fluctuation": 0.02216292455540047,
  "Day": 0.00000000000189487125158314,
  "Day_Fluctuation": 0.09769902848098165,
  "ThreeDay": 0.00000000000189487125158314,
  "ThreeDay_Fluctuation": 0.09769902848098165,
  "Week": 0.00000000000189487125158314,
  "Week_Fluctuation": 0.09769902848098165,
  "Duration": "14:51:26.7757940",
  "Updated": "2021-07-23T08:12:43.4243099Z",
  "Failed": 0,
  "HashRate_Live": 0.0,
  "HashRate_Average": 0.0,
  "BlockRate_Live": 0.0,
  "BlockRate_Average": 0.0,
  "Actual24h_Week": 0.0,
  "Estimate24h_Week": 0.0,
  "ErrorRatio": 1.0
}
