{
  "Live": 0.00000000156665017629572,
  "Minute": 0.00000000156665017629572,
  "Minute_Fluctuation": 2.0948448353930876E-05,
  "Minute_5": 0.00000000156722479557426,
  "Minute_5_Fluctuation": 0.0011490984102123746,
  "Minute_10": 0.00000000156963591041433,
  "Minute_10_Fluctuation": 0.0037671028671316005,
  "Hour": 0.00000000158695053411262,
  "Hour_Fluctuation": 0.02460209069352339,
  "Day": 0.00000000155919990877118,
  "Day_Fluctuation": 0.024611023777229686,
  "ThreeDay": 0.00000000155919990877118,
  "ThreeDay_Fluctuation": 0.024611023777229683,
  "Week": 0.00000000155919990877118,
  "Week_Fluctuation": 0.024611023777229686,
  "Duration": "14:51:26.7757940",
  "Updated": "2021-07-23T08:12:43.5445972Z",
  "Failed": 0,
  "HashRate_Live": 0.0,
  "HashRate_Average": 0.0,
  "BlockRate_Live": 0.0,
  "BlockRate_Average": 0.0,
  "Actual24h_Week": 0.0,
  "Estimate24h_Week": 0.0,
  "ErrorRatio": 1.0
}
