{
  "Live": 0.0000000000000048930769743303,
  "Minute": 0.0000000000000048930769743303,
  "Minute_Fluctuation": 0.018198380383492176,
  "Minute_5": 0.0000000000000049393300806077,
  "Minute_5_Fluctuation": 0.013394089578077901,
  "Minute_10": 0.0000000000000049430352389117,
  "Minute_10_Fluctuation": 0.0161291673651236,
  "Hour": 0.0000000000000048909701220737,
  "Hour_Fluctuation": 0.03314413991416919,
  "Day": 0.0000000000000048543628955357,
  "Day_Fluctuation": 0.03547723371764771,
  "ThreeDay": 0.0000000000000048543628955357,
  "ThreeDay_Fluctuation": 0.03547723371764771,
  "Week": 0.0000000000000048543628955357,
  "Week_Fluctuation": 0.03547723371764771,
  "Duration": "14:51:26.7757940",
  "Updated": "2021-07-23T08:12:43.1602304Z",
  "Failed": 0,
  "HashRate_Live": 0.0,
  "HashRate_Average": 0.0,
  "BlockRate_Live": 0.0,
  "BlockRate_Average": 0.0,
  "Actual24h_Week": 0.0,
  "Estimate24h_Week": 0.0,
  "ErrorRatio": 1.0
}
