{
  "Live": 0.0000000000000000092204698079,
  "Minute": 0.0000000000000000092204698079,
  "Minute_Fluctuation": 0.0008646924879298687,
  "Minute_5": 0.0000000000000000092174088756,
  "Minute_5_Fluctuation": 0.0009382737188368175,
  "Minute_10": 0.0000000000000000092146395696,
  "Minute_10_Fluctuation": 0.0012830015818329266,
  "Hour": 0.0000000000000000091715264363,
  "Hour_Fluctuation": 0.004735468361247242,
  "Day": 0.0000000000000000091831102408,
  "Day_Fluctuation": 0.010886628505261694,
  "ThreeDay": 0.0000000000000000091831102408,
  "ThreeDay_Fluctuation": 0.010886628505261694,
  "Week": 0.0000000000000000091831102408,
  "Week_Fluctuation": 0.010886628505261694,
  "Duration": "14:51:26.7757940",
  "Updated": "2021-07-23T08:12:43.2352097Z",
  "Failed": 0,
  "HashRate_Live": 0.0,
  "HashRate_Average": 0.0,
  "BlockRate_Live": 0.0,
  "BlockRate_Average": 0.0,
  "Actual24h_Week": 0.0,
  "Estimate24h_Week": 0.0,
  "ErrorRatio": 1.0
}
