{
  "Live": 0.0000000000000000238514938273,
  "Minute": 0.0000000000000000238514938273,
  "Minute_Fluctuation": 0.045460767424622225,
  "Minute_5": 0.0000000000000000229997437792,
  "Minute_5_Fluctuation": 0.03730263904827186,
  "Minute_10": 0.0000000000000000227503807352,
  "Minute_10_Fluctuation": 0.05893841414832438,
  "Hour": 0.0000000000000000200338762066,
  "Hour_Fluctuation": 0.22905757126353307,
  "Day": 0.0000000000000000249152850783,
  "Day_Fluctuation": 0.13077735425092443,
  "ThreeDay": 0.0000000000000000249152850783,
  "ThreeDay_Fluctuation": 0.13077735425092443,
  "Week": 0.0000000000000000249152850783,
  "Week_Fluctuation": 0.13077735425092443,
  "Duration": "14:51:26.7757940",
  "Updated": "2021-07-23T08:12:43.2025662Z",
  "Failed": 0,
  "HashRate_Live": 0.0,
  "HashRate_Average": 0.0,
  "BlockRate_Live": 0.0,
  "BlockRate_Average": 0.0,
  "Actual24h_Week": 0.0,
  "Estimate24h_Week": 0.0,
  "ErrorRatio": 1.0
}
