{
  "Live": 0.0000059872875269103,
  "Minute": 0.0000059872875269103,
  "Minute_Fluctuation": 0.01728803277081529,
  "Minute_5": 0.00000595392020684596,
  "Minute_5_Fluctuation": 0.02907472189530643,
  "Minute_10": 0.0000059336614429874,
  "Minute_10_Fluctuation": 0.03497436673313088,
  "Hour": 0.00000582709538165743,
  "Hour_Fluctuation": 0.06739263924311677,
  "Day": 0.00000606666428871696,
  "Day_Fluctuation": 0.07431610031048634,
  "ThreeDay": 0.00000606666428871696,
  "ThreeDay_Fluctuation": 0.07431610031048633,
  "Week": 0.00000606666428871696,
  "Week_Fluctuation": 0.07431610031048634,
  "Duration": "14:51:26.7757940",
  "Updated": "2021-07-23T08:12:43.2522382Z",
  "Failed": 0,
  "HashRate_Live": 0.0,
  "HashRate_Average": 0.0,
  "BlockRate_Live": 0.0,
  "BlockRate_Average": 0.0,
  "Actual24h_Week": 0.0,
  "Estimate24h_Week": 0.0,
  "ErrorRatio": 1.0
}
