{
  "Live": 0.00000000000265880931213279,
  "Minute": 0.00000000000265880931213279,
  "Minute_Fluctuation": 0.015576897657979129,
  "Minute_5": 0.00000000000257549150552868,
  "Minute_5_Fluctuation": 0.04670568905801278,
  "Minute_10": 0.00000000000251132367875539,
  "Minute_10_Fluctuation": 0.0550553836710623,
  "Hour": 0.00000000000269052770757192,
  "Hour_Fluctuation": 0.06719282866671171,
  "Day": 0.00000000000296267013646171,
  "Day_Fluctuation": 0.03697422241759126,
  "ThreeDay": 0.00000000000296267013646171,
  "ThreeDay_Fluctuation": 0.03697422241759126,
  "Week": 0.00000000000296267013646171,
  "Week_Fluctuation": 0.03697422241759126,
  "Duration": "14:51:26.7757940",
  "Updated": "2021-07-23T08:12:43.4779421Z",
  "Failed": 0,
  "HashRate_Live": 0.0,
  "HashRate_Average": 0.0,
  "BlockRate_Live": 0.0,
  "BlockRate_Average": 0.0,
  "Actual24h_Week": 0.0,
  "Estimate24h_Week": 0.0,
  "ErrorRatio": 1.0
}
