{
  "Live": 0.000000000000114022815323536,
  "Minute": 0.000000000000114022815323536,
  "Minute_Fluctuation": 0.04476522384000145,
  "Minute_5": 0.000000000000123580336459326,
  "Minute_5_Fluctuation": 0.13290026467762986,
  "Minute_10": 0.00000000000013519795895858,
  "Minute_10_Fluctuation": 0.09899713273156405,
  "Hour": 0.000000000000144283409956394,
  "Hour_Fluctuation": 0.057492029955179484,
  "Day": 0.000000000000133834224508582,
  "Day_Fluctuation": 0.11975972835084706,
  "ThreeDay": 0.000000000000133834224508582,
  "ThreeDay_Fluctuation": 0.11975972835084706,
  "Week": 0.000000000000133834224508582,
  "Week_Fluctuation": 0.11975972835084706,
  "Duration": "14:51:26.7757940",
  "Updated": "2021-07-23T08:12:43.4379933Z",
  "Failed": 0,
  "HashRate_Live": 0.0,
  "HashRate_Average": 0.0,
  "BlockRate_Live": 0.0,
  "BlockRate_Average": 0.0,
  "Actual24h_Week": 0.0,
  "Estimate24h_Week": 0.0,
  "ErrorRatio": 1.0
}
