{
  "Live": 0.0000000000013086037521874,
  "Minute": 0.0000000000013086037521874,
  "Minute_Fluctuation": 4.809556803624522E-05,
  "Minute_5": 0.0000000000013078920771021,
  "Minute_5_Fluctuation": 0.0011739612724834378,
  "Minute_10": 0.00000000000131274608518754,
  "Minute_10_Fluctuation": 0.019169607563225752,
  "Hour": 0.00000000000149642482066345,
  "Hour_Fluctuation": 0.170701128050165,
  "Day": 0.00000000000151889392870306,
  "Day_Fluctuation": 0.1615862187880542,
  "ThreeDay": 0.00000000000151889392870306,
  "ThreeDay_Fluctuation": 0.1615862187880542,
  "Week": 0.00000000000151889392870306,
  "Week_Fluctuation": 0.1615862187880542,
  "Duration": "14:51:26.7757940",
  "Updated": "2021-07-23T08:12:43.1815528Z",
  "Failed": 0,
  "HashRate_Live": 0.0,
  "HashRate_Average": 0.0,
  "BlockRate_Live": 0.0,
  "BlockRate_Average": 0.0,
  "Actual24h_Week": 0.0,
  "Estimate24h_Week": 0.0,
  "ErrorRatio": 1.0
}
