{
  "Live": 0.000000000000480974120212214,
  "Minute": 0.000000000000480974120212214,
  "Minute_Fluctuation": 0.005308623589500419,
  "Minute_5": 0.000000000000478797660428728,
  "Minute_5_Fluctuation": 0.018509957319523235,
  "Minute_10": 0.00000000000047880388278221,
  "Minute_10_Fluctuation": 0.01803256140343662,
  "Hour": 0.000000000000489021055353158,
  "Hour_Fluctuation": 0.014312285704160271,
  "Day": 0.000000000000439724621245717,
  "Day_Fluctuation": 0.0832486826384777,
  "ThreeDay": 0.000000000000439724621245717,
  "ThreeDay_Fluctuation": 0.08324868263847772,
  "Week": 0.000000000000439724621245717,
  "Week_Fluctuation": 0.08324868263847772,
  "Duration": "14:51:26.7757940",
  "Updated": "2021-07-23T08:12:43.2701797Z",
  "Failed": 0,
  "HashRate_Live": 0.0,
  "HashRate_Average": 0.0,
  "BlockRate_Live": 0.0,
  "BlockRate_Average": 0.0,
  "Actual24h_Week": 0.0,
  "Estimate24h_Week": 0.0,
  "ErrorRatio": 1.0
}
