{
  "Live": 0.0000900780807827789,
  "Minute": 0.0000900780807827789,
  "Minute_Fluctuation": 3.820652505350875E-05,
  "Minute_5": 0.000089939774878113,
  "Minute_5_Fluctuation": 0.005239428751335604,
  "Minute_10": 0.0000895147544999765,
  "Minute_10_Fluctuation": 0.009363385723862805,
  "Hour": 0.0000888830040754329,
  "Hour_Fluctuation": 0.006146769937417031,
  "Day": 0.0000895429168303946,
  "Day_Fluctuation": 0.008723239641121785,
  "ThreeDay": 0.0000895429168303946,
  "ThreeDay_Fluctuation": 0.008723239641121785,
  "Week": 0.0000895429168303946,
  "Week_Fluctuation": 0.008723239641121785,
  "Duration": "14:51:26.7757940",
  "Updated": "2021-07-23T08:12:43.0842095Z",
  "Failed": 0,
  "HashRate_Live": 0.0,
  "HashRate_Average": 0.0,
  "BlockRate_Live": 0.0,
  "BlockRate_Average": 0.0,
  "Actual24h_Week": 0.0,
  "Estimate24h_Week": 0.0,
  "ErrorRatio": 1.0
}
