{
  "Live": 0.000000000000004366083005147,
  "Minute": 0.000000000000004366083005147,
  "Minute_Fluctuation": 0.0043304177017754325,
  "Minute_5": 0.000000000000004255995466484,
  "Minute_5_Fluctuation": 0.05915545896050293,
  "Minute_10": 0.0000000000000040981113017029,
  "Minute_10_Fluctuation": 0.10852552459398779,
  "Hour": 0.0000000000000037033532588364,
  "Hour_Fluctuation": 0.15269666522188763,
  "Day": 0.0000000000000031208835407576,
  "Day_Fluctuation": 0.1298424569439535,
  "ThreeDay": 0.0000000000000031208835407576,
  "ThreeDay_Fluctuation": 0.1298424569439535,
  "Week": 0.0000000000000031208835407576,
  "Week_Fluctuation": 0.1298424569439535,
  "Duration": "14:51:26.7757940",
  "Updated": "2021-07-23T08:12:43.3623831Z",
  "Failed": 0,
  "HashRate_Live": 0.0,
  "HashRate_Average": 0.0,
  "BlockRate_Live": 0.0,
  "BlockRate_Average": 0.0,
  "Actual24h_Week": 0.0,
  "Estimate24h_Week": 0.0,
  "ErrorRatio": 1.0
}
