{
  "Live": 0.0000000000000001894697605192,
  "Minute": 0.0000000000000001894697605192,
  "Minute_Fluctuation": 0.01651994599762583,
  "Minute_5": 0.0000000000000001864610830913,
  "Minute_5_Fluctuation": 0.015710054129840154,
  "Minute_10": 0.0000000000000001836474229561,
  "Minute_10_Fluctuation": 0.03021327299701544,
  "Hour": 0.0000000000000001698997474139,
  "Hour_Fluctuation": 0.04838419721602081,
  "Day": 0.0000000000000001590365456056,
  "Day_Fluctuation": 0.04489673365429004,
  "ThreeDay": 0.0000000000000001590365456056,
  "ThreeDay_Fluctuation": 0.04489673365429004,
  "Week": 0.0000000000000001590365456056,
  "Week_Fluctuation": 0.04489673365429005,
  "Duration": "14:51:26.7757940",
  "Updated": "2021-07-23T08:12:43.5307546Z",
  "Failed": 0,
  "HashRate_Live": 0.0,
  "HashRate_Average": 0.0,
  "BlockRate_Live": 0.0,
  "BlockRate_Average": 0.0,
  "Actual24h_Week": 0.0,
  "Estimate24h_Week": 0.0,
  "ErrorRatio": 1.0
}
