{
  "Live": 0.0000000000000000711000553948,
  "Minute": 0.0000000000000000711000553948,
  "Minute_Fluctuation": 1.1882100849270844E-08,
  "Minute_5": 0.0000000000000000711000563595,
  "Minute_5_Fluctuation": 3.151194050962184E-08,
  "Minute_10": 0.0000000000000000711000582302,
  "Minute_10_Fluctuation": 5.60907946370863E-08,
  "Hour": 0.0000000000000000710999020453,
  "Hour_Fluctuation": 1.766803532829334E-05,
  "Day": 0.0000000000000000719232120664,
  "Day_Fluctuation": 0.019049990891222435,
  "ThreeDay": 0.0000000000000000719232120664,
  "ThreeDay_Fluctuation": 0.019049990891222435,
  "Week": 0.0000000000000000719232120664,
  "Week_Fluctuation": 0.019049990891222435,
  "Duration": "14:51:26.7757940",
  "Updated": "2021-07-23T08:12:43.4037357Z",
  "Failed": 0,
  "HashRate_Live": 0.0,
  "HashRate_Average": 0.0,
  "BlockRate_Live": 0.0,
  "BlockRate_Average": 0.0,
  "Actual24h_Week": 0.0,
  "Estimate24h_Week": 0.0,
  "ErrorRatio": 1.0
}
