{
  "Live": 0.0000000000000009425836954513,
  "Minute": 0.0000000000000009425836954513,
  "Minute_Fluctuation": 0.005000199272242096,
  "Minute_5": 0.0000000000000009547993599977,
  "Minute_5_Fluctuation": 0.020991714833910616,
  "Minute_10": 0.0000000000000009541525454811,
  "Minute_10_Fluctuation": 0.019282452095066453,
  "Hour": 0.0000000000000009532096759888,
  "Hour_Fluctuation": 0.04291037309320778,
  "Day": 0.0000000000000009507393098505,
  "Day_Fluctuation": 0.07431583551391009,
  "ThreeDay": 0.0000000000000009507393098505,
  "ThreeDay_Fluctuation": 0.07431583551391009,
  "Week": 0.0000000000000009507393098505,
  "Week_Fluctuation": 0.07431583551391012,
  "Duration": "14:51:26.7757940",
  "Updated": "2021-07-23T08:12:43.1397655Z",
  "Failed": 0,
  "HashRate_Live": 0.0,
  "HashRate_Average": 0.0,
  "BlockRate_Live": 0.0,
  "BlockRate_Average": 0.0,
  "Actual24h_Week": 0.0,
  "Estimate24h_Week": 0.0,
  "ErrorRatio": 1.0
}
