{
  "Live": 0.0000342719607713577,
  "Minute": 0.0000342719607713577,
  "Minute_Fluctuation": 0.007425678325923604,
  "Minute_5": 0.0000346354520773936,
  "Minute_5_Fluctuation": 0.012651287797151535,
  "Minute_10": 0.0000348603953043707,
  "Minute_10_Fluctuation": 0.01784388059119266,
  "Hour": 0.0000358399754645192,
  "Hour_Fluctuation": 0.02273301775870937,
  "Day": 0.0000368902453553253,
  "Day_Fluctuation": 0.015324866138241574,
  "ThreeDay": 0.0000368902453553253,
  "ThreeDay_Fluctuation": 0.015324866138241574,
  "Week": 0.0000368902453553253,
  "Week_Fluctuation": 0.015324866138241574,
  "Duration": "14:51:26.7757940",
  "Updated": "2021-07-23T08:12:43.3361879Z",
  "Failed": 0,
  "HashRate_Live": 0.0,
  "HashRate_Average": 0.0,
  "BlockRate_Live": 0.0,
  "BlockRate_Average": 0.0,
  "Actual24h_Week": 0.0,
  "Estimate24h_Week": 0.0,
  "ErrorRatio": 1.0
}
