{
  "Live": 0.0000000000000118242448850136,
  "Minute": 0.0000000000000118242448850136,
  "Minute_Fluctuation": 0.060831641005202906,
  "Minute_5": 0.0000000000000118034496332759,
  "Minute_5_Fluctuation": 0.09393466895097376,
  "Minute_10": 0.0000000000000127077774067305,
  "Minute_10_Fluctuation": 0.12887870826838546,
  "Hour": 0.0000000000000157000369173698,
  "Hour_Fluctuation": 0.2492998424848767,
  "Day": 0.0000000000000104632995279871,
  "Day_Fluctuation": 0.332672837383913,
  "ThreeDay": 0.0000000000000104632995279871,
  "ThreeDay_Fluctuation": 0.332672837383913,
  "Week": 0.0000000000000104632995279871,
  "Week_Fluctuation": 0.332672837383913,
  "Duration": "14:51:26.7757940",
  "Updated": "2021-07-23T08:12:43.3100027Z",
  "Failed": 0,
  "HashRate_Live": 0.0,
  "HashRate_Average": 0.0,
  "BlockRate_Live": 0.0,
  "BlockRate_Average": 0.0,
  "Actual24h_Week": 0.0,
  "Estimate24h_Week": 0.0,
  "ErrorRatio": 1.0
}
