{
  "Live": 0.0000000000000433938140687615,
  "Minute": 0.0000000000000433938140687615,
  "Minute_Fluctuation": 0.018232369772877958,
  "Minute_5": 0.0000000000000427477150996937,
  "Minute_5_Fluctuation": 0.006912344062724331,
  "Minute_10": 0.0000000000000425225464416661,
  "Minute_10_Fluctuation": 0.013992689393208302,
  "Hour": 0.000000000000041823506596422,
  "Hour_Fluctuation": 0.019189152937422908,
  "Day": 0.0000000000000422205552791469,
  "Day_Fluctuation": 0.13128943227376857,
  "ThreeDay": 0.0000000000000422205552791469,
  "ThreeDay_Fluctuation": 0.13128943227376857,
  "Week": 0.0000000000000422205552791469,
  "Week_Fluctuation": 0.13128943227376857,
  "Duration": "14:51:26.7757940",
  "Updated": "2021-07-23T08:12:43.3230598Z",
  "Failed": 0,
  "HashRate_Live": 0.0,
  "HashRate_Average": 0.0,
  "BlockRate_Live": 0.0,
  "BlockRate_Average": 0.0,
  "Actual24h_Week": 0.0,
  "Estimate24h_Week": 0.0,
  "ErrorRatio": 1.0
}
