{
  "Live": 0.00000000000000003455575818,
  "Minute": 0.00000000000000003455575818,
  "Minute_Fluctuation": 0.001336871254493634,
  "Minute_5": 0.000000000000000034578727452,
  "Minute_5_Fluctuation": 0.0010217824473379863,
  "Minute_10": 0.0000000000000000345733046588,
  "Minute_10_Fluctuation": 0.0008981590572048377,
  "Hour": 0.0000000000000000345511671478,
  "Hour_Fluctuation": 0.0008295453614460954,
  "Day": 0.0000000000000000340132563441,
  "Day_Fluctuation": 0.019899230651223575,
  "ThreeDay": 0.0000000000000000340132563441,
  "ThreeDay_Fluctuation": 0.019899230651223575,
  "Week": 0.0000000000000000340132563441,
  "Week_Fluctuation": 0.019899230651223575,
  "Duration": "14:51:26.7757940",
  "Updated": "2021-07-23T08:12:43.5041496Z",
  "Failed": 0,
  "HashRate_Live": 0.0,
  "HashRate_Average": 0.0,
  "BlockRate_Live": 0.0,
  "BlockRate_Average": 0.0,
  "Actual24h_Week": 0.0,
  "Estimate24h_Week": 0.0,
  "ErrorRatio": 1.0
}
