{
  "Live": 0.000000548840585036013,
  "Minute": 0.000000548840585036013,
  "Minute_Fluctuation": 0.002874744314828863,
  "Minute_5": 0.000000569760663749897,
  "Minute_5_Fluctuation": 0.055719041199515096,
  "Minute_10": 0.000000588928230842899,
  "Minute_10_Fluctuation": 0.04700001780590796,
  "Hour": 0.0000005820351858899,
  "Hour_Fluctuation": 0.05857491117576495,
  "Day": 0.00000054607359721167,
  "Day_Fluctuation": 0.05522632306666815,
  "ThreeDay": 0.00000054607359721167,
  "ThreeDay_Fluctuation": 0.05522632306666815,
  "Week": 0.00000054607359721167,
  "Week_Fluctuation": 0.055226323066668144,
  "Duration": "14:51:26.7757940",
  "Updated": "2021-07-23T08:12:43.5579941Z",
  "Failed": 0,
  "HashRate_Live": 0.0,
  "HashRate_Average": 0.0,
  "BlockRate_Live": 0.0,
  "BlockRate_Average": 0.0,
  "Actual24h_Week": 0.0,
  "Estimate24h_Week": 0.0,
  "ErrorRatio": 1.0
}
