{
  "Live": 0.00000000193509522422932,
  "Minute": 0.00000000193509522422932,
  "Minute_Fluctuation": 0.000643985031279104,
  "Minute_5": 0.00000000199872195445917,
  "Minute_5_Fluctuation": 0.0538491968854499,
  "Minute_10": 0.00000000206625887112264,
  "Minute_10_Fluctuation": 0.06312884098834083,
  "Hour": 0.00000000195737384059254,
  "Hour_Fluctuation": 0.10999582132066811,
  "Day": 0.00000000197267267795091,
  "Day_Fluctuation": 0.11633546624652626,
  "ThreeDay": 0.00000000197267267795091,
  "ThreeDay_Fluctuation": 0.11633546624652626,
  "Week": 0.00000000197267267795091,
  "Week_Fluctuation": 0.11633546624652626,
  "Duration": "14:51:26.7757940",
  "Updated": "2021-07-23T08:12:43.2968574Z",
  "Failed": 0,
  "HashRate_Live": 0.0,
  "HashRate_Average": 0.0,
  "BlockRate_Live": 0.0,
  "BlockRate_Average": 0.0,
  "Actual24h_Week": 0.0,
  "Estimate24h_Week": 0.0,
  "ErrorRatio": 1.0
}
