{
  "Live": 0.0000000000000000091963475343,
  "Minute": 0.0000000000000000091963475343,
  "Minute_Fluctuation": 7.69322305183795E-05,
  "Minute_5": 0.0000000000000000091999236755,
  "Minute_5_Fluctuation": 0.0007915154254445521,
  "Minute_10": 0.0000000000000000092005825668,
  "Minute_10_Fluctuation": 0.0008987683159239566,
  "Hour": 0.0000000000000000091719849314,
  "Hour_Fluctuation": 0.004193842674407731,
  "Day": 0.0000000000000000091382491779,
  "Day_Fluctuation": 0.004056914035123203,
  "ThreeDay": 0.0000000000000000091382491779,
  "ThreeDay_Fluctuation": 0.004056914035123204,
  "Week": 0.0000000000000000091382491779,
  "Week_Fluctuation": 0.004056914035123204,
  "Duration": "14:51:26.7757940",
  "Updated": "2021-07-23T08:12:43.3493574Z",
  "Failed": 0,
  "HashRate_Live": 0.0,
  "HashRate_Average": 0.0,
  "BlockRate_Live": 0.0,
  "BlockRate_Average": 0.0,
  "Actual24h_Week": 0.0,
  "Estimate24h_Week": 0.0,
  "ErrorRatio": 1.0
}
