{
  "Live": 0.000000000000396513921192142,
  "Minute": 0.000000000000396513921192142,
  "Minute_Fluctuation": 0.0009482941383174641,
  "Minute_5": 0.000000000000395980784504596,
  "Minute_5_Fluctuation": 0.002028499105996414,
  "Minute_10": 0.000000000000395893318125431,
  "Minute_10_Fluctuation": 0.003041872030005658,
  "Hour": 0.000000000000400304986767804,
  "Hour_Fluctuation": 0.020731864158002506,
  "Day": 0.000000000000404861380661468,
  "Day_Fluctuation": 0.025716990420735813,
  "ThreeDay": 0.000000000000404861380661468,
  "ThreeDay_Fluctuation": 0.025716990420735813,
  "Week": 0.000000000000404861380661468,
  "Week_Fluctuation": 0.025716990420735813,
  "Duration": "14:51:26.7757940",
  "Updated": "2021-07-23T08:12:43.3754497Z",
  "Failed": 0,
  "HashRate_Live": 0.0,
  "HashRate_Average": 0.0,
  "BlockRate_Live": 0.0,
  "BlockRate_Average": 0.0,
  "Actual24h_Week": 0.0,
  "Estimate24h_Week": 0.0,
  "ErrorRatio": 1.0
}
