{
  "Live": 0.00000000414482697931034,
  "Minute": 0.00000000414482697931034,
  "Minute_Fluctuation": 0.004177083209272927,
  "Minute_5": 0.00000000417650377320476,
  "Minute_5_Fluctuation": 0.014780824557262892,
  "Minute_10": 0.00000000422449656716474,
  "Minute_10_Fluctuation": 0.0187618123985644,
  "Hour": 0.00000000446820872514625,
  "Hour_Fluctuation": 0.049954335853251826,
  "Day": 0.0000000040091759489392,
  "Day_Fluctuation": 0.29599302895671864,
  "ThreeDay": 0.0000000040091759489392,
  "ThreeDay_Fluctuation": 0.29599302895671864,
  "Week": 0.0000000040091759489392,
  "Week_Fluctuation": 0.29599302895671864,
  "Duration": "14:51:26.7757940",
  "Updated": "2021-07-23T08:12:43.5171666Z",
  "Failed": 0,
  "HashRate_Live": 0.0,
  "HashRate_Average": 0.0,
  "BlockRate_Live": 0.0,
  "BlockRate_Average": 0.0,
  "Actual24h_Week": 0.0,
  "Estimate24h_Week": 0.0,
  "ErrorRatio": 1.0
}
