{
  "Live": 0.0000000000000001999995129238,
  "Minute": 0.0000000000000001999995129238,
  "Minute_Fluctuation": 9.888585673651501E-08,
  "Minute_5": 0.0000000000000001986288314372,
  "Minute_5_Fluctuation": 0.02922125575980652,
  "Minute_10": 0.0000000000000001914808254344,
  "Minute_10_Fluctuation": 0.08144864813625002,
  "Hour": 0.0000000000000001718919303781,
  "Hour_Fluctuation": 0.06483373953868829,
  "Day": 0.0000000000000001763368724395,
  "Day_Fluctuation": 0.028657769695266996,
  "ThreeDay": 0.0000000000000001763368724395,
  "ThreeDay_Fluctuation": 0.028657769695266996,
  "Week": 0.0000000000000001763368724395,
  "Week_Fluctuation": 0.028657769695266996,
  "Duration": "14:51:26.7757940",
  "Updated": "2021-07-23T08:12:43.451277Z",
  "Failed": 0,
  "HashRate_Live": 0.0,
  "HashRate_Average": 0.0,
  "BlockRate_Live": 0.0,
  "BlockRate_Average": 0.0,
  "Actual24h_Week": 0.0,
  "Estimate24h_Week": 0.0,
  "ErrorRatio": 1.0
}
