{
  "Live": 0.00000183598637653072,
  "Minute": 0.00000183598637653072,
  "Minute_Fluctuation": 0.0028656426906990273,
  "Minute_5": 0.00000179760900836176,
  "Minute_5_Fluctuation": 0.02648422803625192,
  "Minute_10": 0.00000177508021245099,
  "Minute_10_Fluctuation": 0.020151581949582973,
  "Hour": 0.00000177446778914395,
  "Hour_Fluctuation": 0.01794980287912565,
  "Day": 0.00000178736406372505,
  "Day_Fluctuation": 0.029701038961080627,
  "ThreeDay": 0.00000178736406372505,
  "ThreeDay_Fluctuation": 0.029701038961080627,
  "Week": 0.00000178736406372505,
  "Week_Fluctuation": 0.029701038961080627,
  "Duration": "14:51:26.7757940",
  "Updated": "2021-07-23T08:12:43.4648997Z",
  "Failed": 0,
  "HashRate_Live": 0.0,
  "HashRate_Average": 0.0,
  "BlockRate_Live": 0.0,
  "BlockRate_Average": 0.0,
  "Actual24h_Week": 0.0,
  "Estimate24h_Week": 0.0,
  "ErrorRatio": 1.0
}
