{
  "Live": 0.0000000000128026023347006,
  "Minute": 0.0000000000128026023347006,
  "Minute_Fluctuation": 0.015435923581539902,
  "Minute_5": 0.0000000000134947865953983,
  "Minute_5_Fluctuation": 0.153094068457784,
  "Minute_10": 0.0000000000159026979760446,
  "Minute_10_Fluctuation": 0.23390238173629652,
  "Hour": 0.0000000000200531117764341,
  "Hour_Fluctuation": 0.17882357091971848,
  "Day": 0.0000000000206194431000571,
  "Day_Fluctuation": 0.18100684855457877,
  "ThreeDay": 0.0000000000206194431000571,
  "ThreeDay_Fluctuation": 0.1810068485545788,
  "Week": 0.0000000000206194431000571,
  "Week_Fluctuation": 0.18100684855457877,
  "Duration": "14:51:26.7757940",
  "Updated": "2021-07-23T08:12:43.1196835Z",
  "Failed": 0,
  "HashRate_Live": 0.0,
  "HashRate_Average": 0.0,
  "BlockRate_Live": 0.0,
  "BlockRate_Average": 0.0,
  "Actual24h_Week": 0.0,
  "Estimate24h_Week": 0.0,
  "ErrorRatio": 1.0
}
