{
  "Live": 0.0000000000000000999947469435,
  "Minute": 0.0000000000000000999947469435,
  "Minute_Fluctuation": 1.771242189665194E-05,
  "Minute_5": 0.0000000000000000999941664698,
  "Minute_5_Fluctuation": 1.4787948001997743E-05,
  "Minute_10": 0.0000000000000000999943136456,
  "Minute_10_Fluctuation": 1.5878104372217825E-05,
  "Hour": 0.000000000000000099993131061,
  "Hour_Fluctuation": 3.191917140855137E-05,
  "Day": 0.0000000000000000999928918931,
  "Day_Fluctuation": 4.11285514587761E-05,
  "ThreeDay": 0.0000000000000000999928918931,
  "ThreeDay_Fluctuation": 4.11285514587761E-05,
  "Week": 0.0000000000000000999928918931,
  "Week_Fluctuation": 4.11285514587761E-05,
  "Duration": "14:51:26.7757940",
  "Updated": "2021-07-23T08:12:43.2833037Z",
  "Failed": 0,
  "HashRate_Live": 0.0,
  "HashRate_Average": 0.0,
  "BlockRate_Live": 0.0,
  "BlockRate_Average": 0.0,
  "Actual24h_Week": 0.0,
  "Estimate24h_Week": 0.0,
  "ErrorRatio": 1.0
}
