{
  "Live": 0.0000000000000001012322866372,
  "Minute": 0.0000000000000001012322866372,
  "Minute_Fluctuation": 0.0017238036208841023,
  "Minute_5": 0.0000000000000001013295619164,
  "Minute_5_Fluctuation": 0.0010240313934969146,
  "Minute_10": 0.000000000000000101339912637,
  "Minute_10_Fluctuation": 0.0011294203670581975,
  "Hour": 0.0000000000000001014057042883,
  "Hour_Fluctuation": 0.001524085806370087,
  "Day": 0.000000000000000101465601998,
  "Day_Fluctuation": 0.0018832763244067874,
  "ThreeDay": 0.000000000000000101465601998,
  "ThreeDay_Fluctuation": 0.0018832763244067878,
  "Week": 0.000000000000000101465601998,
  "Week_Fluctuation": 0.0018832763244067874,
  "Duration": "14:51:26.7757940",
  "Updated": "2021-07-23T08:12:43.4909552Z",
  "Failed": 0,
  "HashRate_Live": 0.0,
  "HashRate_Average": 0.0,
  "BlockRate_Live": 0.0,
  "BlockRate_Average": 0.0,
  "Actual24h_Week": 0.0,
  "Estimate24h_Week": 0.0,
  "ErrorRatio": 1.0
}
