{
  "Live": 0.0000000000000005989074927879,
  "Minute": 0.0000000000000005989074927879,
  "Minute_Fluctuation": 0.02541023098949742,
  "Minute_5": 0.0000000000000006106890836983,
  "Minute_5_Fluctuation": 0.051412331371577843,
  "Minute_10": 0.0000000000000006208629060109,
  "Minute_10_Fluctuation": 0.06503052248720284,
  "Hour": 0.000000000000000687016044568,
  "Hour_Fluctuation": 0.11758871273386363,
  "Day": 0.0000000000000010056377238896,
  "Day_Fluctuation": 0.16231924438643527,
  "ThreeDay": 0.0000000000000010056377238896,
  "ThreeDay_Fluctuation": 0.16231924438643527,
  "Week": 0.0000000000000010056377238896,
  "Week_Fluctuation": 0.16231924438643525,
  "Duration": "14:51:26.7757940",
  "Updated": "2021-07-23T08:12:43.1042662Z",
  "Failed": 0,
  "HashRate_Live": 0.0,
  "HashRate_Average": 0.0,
  "BlockRate_Live": 0.0,
  "BlockRate_Average": 0.0,
  "Actual24h_Week": 0.0,
  "Estimate24h_Week": 0.0,
  "ErrorRatio": 1.0
}
