{
  "Live": 0.000000000000584698376343538,
  "Minute": 0.000000000000584698376343538,
  "Minute_Fluctuation": 0.001720783433144432,
  "Minute_5": 0.0000000000005886531181866,
  "Minute_5_Fluctuation": 0.02939321100704509,
  "Minute_10": 0.00000000000060630074122419,
  "Minute_10_Fluctuation": 0.0832007534364282,
  "Hour": 0.0000000000006296582272243,
  "Hour_Fluctuation": 0.1321718711200551,
  "Day": 0.000000000000634929490018386,
  "Day_Fluctuation": 0.17451467430811848,
  "ThreeDay": 0.000000000000634929490018386,
  "ThreeDay_Fluctuation": 0.1745146743081185,
  "Week": 0.000000000000634929490018386,
  "Week_Fluctuation": 0.17451467430811848,
  "Duration": "14:51:26.7757940",
  "Updated": "2021-07-23T08:12:43.3884883Z",
  "Failed": 0,
  "HashRate_Live": 0.0,
  "HashRate_Average": 0.0,
  "BlockRate_Live": 0.0,
  "BlockRate_Average": 0.0,
  "Actual24h_Week": 0.0,
  "Estimate24h_Week": 0.0,
  "ErrorRatio": 1.0
}
