{
  "Live": 0.00000000000128086844,
  "Minute": 0.00000000000128086844,
  "Minute_Fluctuation": 0.0,
  "Minute_5": 0.00000000000128086844,
  "Minute_5_Fluctuation": 0.0,
  "Minute_10": 0.00000000000128086844,
  "Minute_10_Fluctuation": 0.0,
  "Hour": 0.00000000000128086844,
  "Hour_Fluctuation": 0.0,
  "Day": 0.00000000000128086844,
  "Day_Fluctuation": 0.0,
  "ThreeDay": 0.00000000000127959853681924,
  "ThreeDay_Fluctuation": 0.0022246798834078423,
  "Week": 0.00000000000127761864301029,
  "Week_Fluctuation": 0.0026834091012855575,
  "Duration": "21.00:16:11.4279212",
  "Updated": "2021-07-23T08:12:43.9840131Z",
  "Failed": 0,
  "HashRate_Live": 0.0,
  "HashRate_Average": 0.0,
  "BlockRate_Live": 0.0,
  "BlockRate_Average": 0.0,
  "Actual24h_Week": 0.0,
  "Estimate24h_Week": 0.0,
  "ErrorRatio": 1.0
}
