{
  "Live": 0.00000000000145412,
  "Minute": 0.00000000000145412,
  "Minute_Fluctuation": 0.0,
  "Minute_5": 0.00000000000142748257137614,
  "Minute_5_Fluctuation": 0.0160547809665663,
  "Minute_10": 0.00000000000141541745166692,
  "Minute_10_Fluctuation": 0.010981237701878439,
  "Hour": 0.00000000000139986869041678,
  "Hour_Fluctuation": 0.00875585214441031,
  "Day": 0.00000000000131104102329118,
  "Day_Fluctuation": 0.01747284535788989,
  "ThreeDay": 0.00000000000130699126985626,
  "ThreeDay_Fluctuation": 0.013482947787104013,
  "Week": 0.00000000000130699126985626,
  "Week_Fluctuation": 0.013482947787104013,
  "Duration": "1.14:16:31.5804229",
  "Updated": "2021-07-23T08:09:09.1480247Z",
  "Failed": 0,
  "HashRate_Live": 549869727.0,
  "HashRate_Average": 635550004.0396326,
  "BlockRate_Live": 0.0,
  "BlockRate_Average": 0.0,
  "Actual24h_Week": 0.0,
  "Estimate24h_Week": 0.000580144496124697,
  "ErrorRatio": 0.596246518034026
}
