{
  "Live": 0.00000000000259,
  "Minute": 0.00000000000259,
  "Minute_Fluctuation": 0.0,
  "Minute_5": 0.00000000000259690599929183,
  "Minute_5_Fluctuation": 0.006235742747786002,
  "Minute_10": 0.00000000000259867057991606,
  "Minute_10_Fluctuation": 0.008463176754051196,
  "Hour": 0.00000000000276775503714956,
  "Hour_Fluctuation": 0.07359844741810714,
  "Day": 0.00000000000317021441305303,
  "Day_Fluctuation": 0.02456083761271223,
  "ThreeDay": 0.00000000000318670379459588,
  "ThreeDay_Fluctuation": 0.019490525607871,
  "Week": 0.00000000000318670379459588,
  "Week_Fluctuation": 0.019490525607871,
  "Duration": "1.14:16:31.5804229",
  "Updated": "2021-07-23T08:09:09.5282661Z",
  "Failed": 0,
  "HashRate_Live": 275373564.0,
  "HashRate_Average": 296897745.0210468,
  "BlockRate_Live": 0.0,
  "BlockRate_Average": 0.0,
  "Actual24h_Week": 0.0,
  "Estimate24h_Week": 0.00000145804801308035,
  "ErrorRatio": 0.596246518034026
}
