{
  "Live": 0.00000000158,
  "Minute": 0.00000000158,
  "Minute_Fluctuation": 0.0,
  "Minute_5": 0.00000000159732502355068,
  "Minute_5_Fluctuation": 0.02760125862049158,
  "Minute_10": 0.00000000163745019500026,
  "Minute_10_Fluctuation": 0.09192636136380333,
  "Hour": 0.00000000267751108891605,
  "Hour_Fluctuation": 0.47605909527890466,
  "Day": 0.00000000212808180133899,
  "Day_Fluctuation": 0.3611979488579499,
  "ThreeDay": 0.00000000199130792679214,
  "ThreeDay_Fluctuation": 0.3222057374386973,
  "Week": 0.00000000199130792679214,
  "Week_Fluctuation": 0.32220573743869724,
  "Duration": "1.14:16:31.5804229",
  "Updated": "2021-07-23T08:09:09.7700705Z",
  "Failed": 0,
  "HashRate_Live": 50025.0,
  "HashRate_Average": 52787.547671044034,
  "BlockRate_Live": 100.0,
  "BlockRate_Average": 104.58100845088369,
  "Actual24h_Week": 0.00000139310330032464,
  "Estimate24h_Week": 0.00000146827248182462,
  "ErrorRatio": 0.979329573261883
}
