{
  "Live": 0.00000154878,
  "Minute": 0.00000154878,
  "Minute_Fluctuation": 0.0,
  "Minute_5": 0.00000158540400166721,
  "Minute_5_Fluctuation": 0.06096824911101464,
  "Minute_10": 0.00000156584505467365,
  "Minute_10_Fluctuation": 0.05128186776785263,
  "Hour": 0.00000153556685630279,
  "Hour_Fluctuation": 0.05668289559631114,
  "Day": 0.00000150945590120566,
  "Day_Fluctuation": 0.03412377516400153,
  "ThreeDay": 0.00000150536266990523,
  "ThreeDay_Fluctuation": 0.029302134690377957,
  "Week": 0.00000150536266990523,
  "Week_Fluctuation": 0.029302134690377957,
  "Duration": "1.14:16:31.5804229",
  "Updated": "2021-07-23T08:09:09.0814828Z",
  "Failed": 0,
  "HashRate_Live": 18073.0,
  "HashRate_Average": 17557.745300687857,
  "BlockRate_Live": 434.0,
  "BlockRate_Average": 435.92419663661695,
  "Actual24h_Week": 0.000665223680357239,
  "Estimate24h_Week": 0.000726714461577639,
  "ErrorRatio": 0.965836489654208
}
