{
  "Live": 0.00000000000000074,
  "Minute": 0.00000000000000074,
  "Minute_Fluctuation": 0.0,
  "Minute_5": 0.0000000000000007704971311886,
  "Minute_5_Fluctuation": 0.09428737762037341,
  "Minute_10": 0.0000000000000008430533293787,
  "Minute_10_Fluctuation": 0.13917083869049296,
  "Hour": 0.0000000000000009590782905629,
  "Hour_Fluctuation": 0.11971003702716261,
  "Day": 0.0000000000000009123355537699,
  "Day_Fluctuation": 0.09346797536602812,
  "ThreeDay": 0.000000000000000914407011489,
  "ThreeDay_Fluctuation": 0.0787485643737457,
  "Week": 0.000000000000000914407011489,
  "Week_Fluctuation": 0.0787485643737457,
  "Duration": "1.14:16:31.5804229",
  "Updated": "2021-07-23T08:09:12.4844934Z",
  "Failed": 0,
  "HashRate_Live": 3710895724209.0,
  "HashRate_Average": 3695753652715.9346,
  "BlockRate_Live": 258.0,
  "BlockRate_Average": 260.60292364759266,
  "Actual24h_Week": 0.000000373476861823257,
  "Estimate24h_Week": 0.000000404747647237852,
  "ErrorRatio": 0.968806023750562
}
