{
  "Live": 0.00000000355761,
  "Minute": 0.00000000355761,
  "Minute_Fluctuation": 0.0,
  "Minute_5": 0.00000000355413119584647,
  "Minute_5_Fluctuation": 0.00856872553804586,
  "Minute_10": 0.00000000354267420912517,
  "Minute_10_Fluctuation": 0.038114202474449334,
  "Hour": 0.00000000342225412037758,
  "Hour_Fluctuation": 0.1362944881145284,
  "Day": 0.00000000321028226901844,
  "Day_Fluctuation": 0.11417352887943007,
  "ThreeDay": 0.00000000317848769750013,
  "ThreeDay_Fluctuation": 0.10040989525947204,
  "Week": 0.00000000317848769750013,
  "Week_Fluctuation": 0.10040989525947204,
  "Duration": "1.14:16:31.5804229",
  "Updated": "2021-07-23T08:09:11.1335189Z",
  "Failed": 0,
  "HashRate_Live": 878293.0,
  "HashRate_Average": 1055587.1562852915,
  "BlockRate_Live": 383.0,
  "BlockRate_Average": 381.318450343883,
  "Actual24h_Week": 0.00123861436085677,
  "Estimate24h_Week": 0.00150215157852706,
  "ErrorRatio": 0.9291655577353
}
