{
  "Live": 0.00000000000064334,
  "Minute": 0.00000000000064334,
  "Minute_Fluctuation": 0.0,
  "Minute_5": 0.000000000000638709326788193,
  "Minute_5_Fluctuation": 0.029915838486726798,
  "Minute_10": 0.000000000000635451308696858,
  "Minute_10_Fluctuation": 0.0392245519362959,
  "Hour": 0.000000000000617582370077351,
  "Hour_Fluctuation": 0.03440435463444971,
  "Day": 0.000000000000621089124923537,
  "Day_Fluctuation": 0.014520622416762217,
  "ThreeDay": 0.000000000000622045885074331,
  "ThreeDay_Fluctuation": 0.012462532199511251,
  "Week": 0.000000000000622045885074331,
  "Week_Fluctuation": 0.012462532199511251,
  "Duration": "1.14:16:31.5804229",
  "Updated": "2021-07-23T08:09:09.2061903Z",
  "Failed": 0,
  "HashRate_Live": 13086369714.0,
  "HashRate_Average": 12961890037.63944,
  "BlockRate_Live": 4392.0,
  "BlockRate_Average": 4391.675046404618,
  "Actual24h_Week": 0.0002439307855183,
  "Estimate24h_Week": 0.000283712241921456,
  "ErrorRatio": 0.943386646160659
}
