{
  "Live": 0.00000000000000006347,
  "Minute": 0.00000000000000006347,
  "Minute_Fluctuation": 0.0,
  "Minute_5": 0.0000000000000000624218145475,
  "Minute_5_Fluctuation": 0.06648669300265989,
  "Minute_10": 0.0000000000000000580079104487,
  "Minute_10_Fluctuation": 0.2080349359300982,
  "Hour": 0.0000000000000000382760601471,
  "Hour_Fluctuation": 0.6039616020953658,
  "Day": 0.0000000000000000295983371848,
  "Day_Fluctuation": 0.3328022457110729,
  "ThreeDay": 0.0000000000000000295983371848,
  "ThreeDay_Fluctuation": 0.3328022457110729,
  "Week": 0.0000000000000000295983371848,
  "Week_Fluctuation": 0.3328022457110729,
  "Duration": "12:53:59.9101652",
  "Updated": "2021-07-23T08:09:08.4826787Z",
  "Failed": 0,
  "HashRate_Live": 8329952868589.0,
  "HashRate_Average": 9113466655519.506,
  "BlockRate_Live": 5.0,
  "BlockRate_Average": 5.155244994721435,
  "Actual24h_Week": 0.0000287160480399661,
  "Estimate24h_Week": 0.0000300131870414476,
  "ErrorRatio": 0.993617634062729
}
