{
  "Live": 0.00000117786,
  "Minute": 0.00000117786,
  "Minute_Fluctuation": 0.0,
  "Minute_5": 0.00000117489696246578,
  "Minute_5_Fluctuation": 0.008541228335505642,
  "Minute_10": 0.00000116769392013899,
  "Minute_10_Fluctuation": 0.01729336502258356,
  "Hour": 0.00000117080977068352,
  "Hour_Fluctuation": 0.02798400586652495,
  "Day": 0.00000128385438065741,
  "Day_Fluctuation": 0.04019241827538243,
  "ThreeDay": 0.00000129783815439123,
  "ThreeDay_Fluctuation": 0.03359057562422304,
  "Week": 0.00000129783815439123,
  "Week_Fluctuation": 0.03359057562422304,
  "Duration": "1.14:16:31.5804229",
  "Updated": "2021-07-23T08:09:08.9508818Z",
  "Failed": 0,
  "HashRate_Live": 1549.0,
  "HashRate_Average": 1369.901965595628,
  "BlockRate_Live": 11.0,
  "BlockRate_Average": 10.755274009641772,
  "Actual24h_Week": 0.000456713004662207,
  "Estimate24h_Week": 0.00057742481835914,
  "ErrorRatio": 0.915594526689964
}
