{
  "Live": 0.00000000000083407,
  "Minute": 0.00000000000083407,
  "Minute_Fluctuation": 0.0,
  "Minute_5": 0.000000000000834584050219873,
  "Minute_5_Fluctuation": 0.006276141999337155,
  "Minute_10": 0.000000000000831198889240599,
  "Minute_10_Fluctuation": 0.01872027388247511,
  "Hour": 0.000000000000874815347356127,
  "Hour_Fluctuation": 0.07532780216694303,
  "Day": 0.000000000000754326353228277,
  "Day_Fluctuation": 0.13016823136469483,
  "ThreeDay": 0.0000000000007333388294446,
  "ThreeDay_Fluctuation": 0.11641651965494296,
  "Week": 0.0000000000007333388294446,
  "Week_Fluctuation": 0.11641651965494296,
  "Duration": "1.14:16:31.5804229",
  "Updated": "2021-07-23T08:09:09.7122447Z",
  "Failed": 0,
  "HashRate_Live": 602440746.0,
  "HashRate_Average": 606328159.2643118,
  "BlockRate_Live": 153.0,
  "BlockRate_Average": 168.22653894345675,
  "Actual24h_Week": 0.000361435726356926,
  "Estimate24h_Week": 0.00034661005276856,
  "ErrorRatio": 1.01726988956604
}
