{
  "Live": 0.00000000000892,
  "Minute": 0.00000000000892,
  "Minute_Fluctuation": 0.0,
  "Minute_5": 0.00000000000875152102816567,
  "Minute_5_Fluctuation": 0.04417061677281652,
  "Minute_10": 0.00000000000844964743369439,
  "Minute_10_Fluctuation": 0.05649272855745063,
  "Hour": 0.00000000000800287791713097,
  "Hour_Fluctuation": 0.04158342746511548,
  "Day": 0.000000000009107121235745,
  "Day_Fluctuation": 0.0397074286786004,
  "ThreeDay": 0.00000000000919842847849464,
  "ThreeDay_Fluctuation": 0.031860136983756414,
  "Week": 0.00000000000919842847849464,
  "Week_Fluctuation": 0.031860136983756414,
  "Duration": "1.14:16:31.5804229",
  "Updated": "2021-07-23T08:09:09.8983422Z",
  "Failed": 0,
  "HashRate_Live": 240953392.0,
  "HashRate_Average": 224255855.99260896,
  "BlockRate_Live": 283.0,
  "BlockRate_Average": 279.8381526304108,
  "Actual24h_Week": 0.00000345220234200209,
  "Estimate24h_Week": 0.00000382099651413714,
  "ErrorRatio": 0.961030602729584
}
