{
  "Live": 0.0000000008,
  "Minute": 0.0000000008,
  "Minute_Fluctuation": 0.0,
  "Minute_5": 0.000000000815776412828696,
  "Minute_5_Fluctuation": 0.019895276119112758,
  "Minute_10": 0.000000000830536063365042,
  "Minute_10_Fluctuation": 0.03274334038858415,
  "Hour": 0.000000000854536660133102,
  "Hour_Fluctuation": 0.06236016666231575,
  "Day": 0.00000000069688797287462,
  "Day_Fluctuation": 0.07011942590524224,
  "ThreeDay": 0.000000000683882819842184,
  "ThreeDay_Fluctuation": 0.05758955127248051,
  "Week": 0.000000000683882819842184,
  "Week_Fluctuation": 0.05758955127248051,
  "Duration": "1.14:16:31.5804229",
  "Updated": "2021-07-23T08:09:13.4703768Z",
  "Failed": 0,
  "HashRate_Live": 687113.0,
  "HashRate_Average": 684115.7185421197,
  "BlockRate_Live": 19.0,
  "BlockRate_Average": 17.515706116056094,
  "Actual24h_Week": 0.000000269317332141013,
  "Estimate24h_Week": 0.000000319723520219723,
  "ErrorRatio": 0.936346021914731
}
