{
  "Live": 0.00000000000018,
  "Minute": 0.00000000000018,
  "Minute_Fluctuation": 0.0,
  "Minute_5": 0.00000000000017916881903,
  "Minute_5_Fluctuation": 0.021871596979716926,
  "Minute_10": 0.000000000000178730026850193,
  "Minute_10_Fluctuation": 0.044805166564070055,
  "Hour": 0.000000000000184838754478819,
  "Hour_Fluctuation": 0.1523285152693266,
  "Day": 0.000000000000213375026182568,
  "Day_Fluctuation": 0.2722096090611107,
  "ThreeDay": 0.000000000000208853949978699,
  "ThreeDay_Fluctuation": 0.23283129108816147,
  "Week": 0.000000000000208853949978699,
  "Week_Fluctuation": 0.23283129108816147,
  "Duration": "1.14:16:31.5804229",
  "Updated": "2021-07-23T08:09:12.6764219Z",
  "Failed": 0,
  "HashRate_Live": 9162597.0,
  "HashRate_Average": 8326592.766639808,
  "BlockRate_Live": 35.0,
  "BlockRate_Average": 35.912783525046386,
  "Actual24h_Week": 0.000000463240089184699,
  "Estimate24h_Week": 0.000000273029739251803,
  "ErrorRatio": 1.28128104763176
}
