{
  "Live": 0.00000000000509,
  "Minute": 0.00000000000509,
  "Minute_Fluctuation": 0.0,
  "Minute_5": 0.00000000000520449669108433,
  "Minute_5_Fluctuation": 0.043114939053936915,
  "Minute_10": 0.00000000000537257885597876,
  "Minute_10_Fluctuation": 0.06941003446379375,
  "Hour": 0.00000000000530970510726452,
  "Hour_Fluctuation": 0.10071254364612427,
  "Day": 0.00000000000596301085833638,
  "Day_Fluctuation": 0.06865623337991492,
  "ThreeDay": 0.00000000000604234839178697,
  "ThreeDay_Fluctuation": 0.05950923209688209,
  "Week": 0.00000000000604234839178697,
  "Week_Fluctuation": 0.05950923209688208,
  "Duration": "1.14:16:31.5804229",
  "Updated": "2021-07-23T08:09:08.2055612Z",
  "Failed": 0,
  "HashRate_Live": 835898604.0,
  "HashRate_Average": 740199164.5967793,
  "BlockRate_Live": 337.0,
  "BlockRate_Average": 336.07636657888617,
  "Actual24h_Week": 0.00000230061740845287,
  "Estimate24h_Week": 0.00000240161030866193,
  "ErrorRatio": 0.983021294101637
}
