{
  "Live": 0.00000000327,
  "Minute": 0.00000000327,
  "Minute_Fluctuation": 0.0,
  "Minute_5": 0.00000000353067795187086,
  "Minute_5_Fluctuation": 0.07906756466124107,
  "Minute_10": 0.00000000373261904385993,
  "Minute_10_Fluctuation": 0.07548798202647586,
  "Hour": 0.00000000471415971902922,
  "Hour_Fluctuation": 0.1569440395570601,
  "Day": 0.00000000423968651870291,
  "Day_Fluctuation": 0.11691755614013727,
  "ThreeDay": 0.00000000412316307599192,
  "ThreeDay_Fluctuation": 0.09826803863151519,
  "Week": 0.00000000412316307599192,
  "Week_Fluctuation": 0.09826803863151518,
  "Duration": "1.14:16:31.5804229",
  "Updated": "2021-07-23T08:09:13.6281161Z",
  "Failed": 0,
  "HashRate_Live": 17555.0,
  "HashRate_Average": 18006.36513418847,
  "BlockRate_Live": 56.0,
  "BlockRate_Average": 57.780299882108125,
  "Actual24h_Week": 0.00000212912165068433,
  "Estimate24h_Week": 0.00000212773620045613,
  "ErrorRatio": 1.00026289929814
}
