{
  "Live": 0.00000000000000583,
  "Minute": 0.00000000000000583,
  "Minute_Fluctuation": 0.0,
  "Minute_5": 0.0000000000000055175959350445,
  "Minute_5_Fluctuation": 0.06921849179958664,
  "Minute_10": 0.0000000000000054608862222313,
  "Minute_10_Fluctuation": 0.08001260161766373,
  "Hour": 0.0000000000000071809640493218,
  "Hour_Fluctuation": 0.23752646781825656,
  "Day": 0.0000000000000040303206479201,
  "Day_Fluctuation": 0.2726701950625097,
  "ThreeDay": 0.0000000000000038098837321971,
  "ThreeDay_Fluctuation": 0.2118238597027774,
  "Week": 0.0000000000000038098837321971,
  "Week_Fluctuation": 0.2118238597027774,
  "Duration": "1.14:16:31.5804229",
  "Updated": "2021-07-23T08:09:09.3465449Z",
  "Failed": 0,
  "HashRate_Live": 174968492237.0,
  "HashRate_Average": 545839656111.5389,
  "BlockRate_Live": 19.0,
  "BlockRate_Average": 16.463119153902515,
  "Actual24h_Week": 0.00000154183545146155,
  "Estimate24h_Week": 0.00000132950304430039,
  "ErrorRatio": 1.06448270208411
}
