{
  "Live": 0.00000000000002965,
  "Minute": 0.00000000000002965,
  "Minute_Fluctuation": 0.0,
  "Minute_5": 0.0000000000000303358323726362,
  "Minute_5_Fluctuation": 0.042595776190288884,
  "Minute_10": 0.0000000000000305420303670265,
  "Minute_10_Fluctuation": 0.08536613401378028,
  "Hour": 0.0000000000000231035932786559,
  "Hour_Fluctuation": 0.45868813178412715,
  "Day": 0.0000000000000317800737671973,
  "Day_Fluctuation": 0.16022536456596873,
  "ThreeDay": 0.0000000000000324052898515822,
  "ThreeDay_Fluctuation": 0.13520676528874423,
  "Week": 0.0000000000000324052898515822,
  "Week_Fluctuation": 0.13520676528874423,
  "Duration": "1.14:16:31.5804229",
  "Updated": "2021-07-23T08:09:11.4219614Z",
  "Failed": 0,
  "HashRate_Live": 316659349.0,
  "HashRate_Average": 244108620.83329102,
  "BlockRate_Live": 1.0,
  "BlockRate_Average": 1.031534973391668,
  "Actual24h_Week": 0.00000560049381118548,
  "Estimate24h_Week": 0.0000132902687170266,
  "ErrorRatio": 0.766387462896796
}
