{
  "Live": 0.00000000000000291,
  "Minute": 0.00000000000000291,
  "Minute_Fluctuation": 0.0,
  "Minute_5": 0.0000000000000027283756702112,
  "Minute_5_Fluctuation": 0.1881276426624039,
  "Minute_10": 0.0000000000000025002485058942,
  "Minute_10_Fluctuation": 0.2753258506740896,
  "Hour": 0.0000000000000026179974737008,
  "Hour_Fluctuation": 0.359995555815311,
  "Day": 0.0000000000000030398206384137,
  "Day_Fluctuation": 0.17619578604769273,
  "ThreeDay": 0.0000000000000030304587898281,
  "ThreeDay_Fluctuation": 0.1464073510180099,
  "Week": 0.0000000000000030304587898281,
  "Week_Fluctuation": 0.14640735101800992,
  "Duration": "1.14:16:31.5804229",
  "Updated": "2021-07-23T08:09:12.5954821Z",
  "Failed": 0,
  "HashRate_Live": 1172812403.0,
  "HashRate_Average": 670675476.0222625,
  "BlockRate_Live": 187.0,
  "BlockRate_Average": 185.67998333561675,
  "Actual24h_Week": 0.00000128613706045652,
  "Estimate24h_Week": 0.00000163355704619654,
  "ErrorRatio": 0.914130927185126
}
