{
  "Live": 0.00000001748,
  "Minute": 0.00000001748,
  "Minute_Fluctuation": 0.0,
  "Minute_5": 0.0000000187333773087775,
  "Minute_5_Fluctuation": 0.08648403373810852,
  "Minute_10": 0.0000000198044087281852,
  "Minute_10_Fluctuation": 0.11053012147611697,
  "Hour": 0.0000000234157987543907,
  "Hour_Fluctuation": 0.141832089170267,
  "Day": 0.0000000192359200965738,
  "Day_Fluctuation": 0.23251903548306252,
  "ThreeDay": 0.0000000182765712360613,
  "ThreeDay_Fluctuation": 0.20742034846225904,
  "Week": 0.0000000182765712360613,
  "Week_Fluctuation": 0.20742034846225904,
  "Duration": "1.14:16:31.5804229",
  "Updated": "2021-07-23T08:09:08.6623444Z",
  "Failed": 0,
  "HashRate_Live": 4918.0,
  "HashRate_Average": 8949.488215592859,
  "BlockRate_Live": 125.0,
  "BlockRate_Average": 125.30399551770007,
  "Actual24h_Week": 0.0000130582579137471,
  "Estimate24h_Week": 0.0000112139288798628,
  "ErrorRatio": 1.06640440449546
}
