{
  "Live": 0.00000000000000000735321,
  "Minute": 0.00000000000000000735321,
  "Minute_Fluctuation": 0.0,
  "Minute_5": 0.0000000000000000085068082092,
  "Minute_5_Fluctuation": 0.1757626876989871,
  "Minute_10": 0.0000000000000000093085418477,
  "Minute_10_Fluctuation": 0.1736684670425439,
  "Hour": 0.000000000000000009766201856,
  "Hour_Fluctuation": 0.10226619918065188,
  "Day": 0.0000000000000000106175172399,
  "Day_Fluctuation": 0.05103357845388946,
  "ThreeDay": 0.0000000000000000107203344977,
  "ThreeDay_Fluctuation": 0.042935863996239554,
  "Week": 0.0000000000000000107203344977,
  "Week_Fluctuation": 0.04293586399623955,
  "Duration": "1.14:16:31.5804229",
  "Updated": "2021-07-23T08:09:11.3302879Z",
  "Failed": 0,
  "HashRate_Live": 5187294282715410.0,
  "HashRate_Average": 7023598336890761.0,
  "BlockRate_Live": 234.0,
  "BlockRate_Average": 234.00447829890598,
  "Actual24h_Week": 0.00407545627558451,
  "Estimate24h_Week": 0.00463782493719217,
  "ErrorRatio": 0.951042070723328
}
