{
  "Live": 0.0000000000214,
  "Minute": 0.0000000000214,
  "Minute_Fluctuation": 0.0,
  "Minute_5": 0.000000000021446641987049,
  "Minute_5_Fluctuation": 0.007527030354841962,
  "Minute_10": 0.000000000021645259702227,
  "Minute_10_Fluctuation": 0.019255800743828964,
  "Hour": 0.0000000000218767413677368,
  "Hour_Fluctuation": 0.02092907522367184,
  "Day": 0.000000000020995128508274,
  "Day_Fluctuation": 0.00799471056322942,
  "ThreeDay": 0.0000000000209413111242299,
  "ThreeDay_Fluctuation": 0.0059397343766830965,
  "Week": 0.0000000000209413111242299,
  "Week_Fluctuation": 0.005939734376683096,
  "Duration": "1.14:16:31.5804229",
  "Updated": "2021-07-23T08:09:10.0168078Z",
  "Failed": 0,
  "HashRate_Live": 289402402.0,
  "HashRate_Average": 242346315.48156396,
  "BlockRate_Live": 5.0,
  "BlockRate_Average": 4.544865063720054,
  "Actual24h_Week": 0.00000823448524014965,
  "Estimate24h_Week": 0.00000947104533352474,
  "ErrorRatio": 0.947285075112764
}
