{
  "Live": 0.00000000141,
  "Minute": 0.00000000141,
  "Minute_Fluctuation": 0.0,
  "Minute_5": 0.0000000014027376049724,
  "Minute_5_Fluctuation": 0.011458931288376632,
  "Minute_10": 0.00000000138909478996548,
  "Minute_10_Fluctuation": 0.017114906063340887,
  "Hour": 0.0000000012689291093164,
  "Hour_Fluctuation": 0.1145338978694065,
  "Day": 0.00000000123802756339182,
  "Day_Fluctuation": 0.08457756112369746,
  "ThreeDay": 0.00000000123403155653831,
  "ThreeDay_Fluctuation": 0.07244529782565245,
  "Week": 0.00000000123403155653831,
  "Week_Fluctuation": 0.07244529782565245,
  "Duration": "1.14:16:31.5804229",
  "Updated": "2021-07-23T08:09:08.3576283Z",
  "Failed": 0,
  "HashRate_Live": 783384.0,
  "HashRate_Average": 569142.9324833099,
  "BlockRate_Live": 47.0,
  "BlockRate_Average": 47.285164639431734,
  "Actual24h_Week": 0.000000597055210347735,
  "Estimate24h_Week": 0.000000602392945377667,
  "ErrorRatio": 0.99642238654904
}
