{
  "Live": 0.00000000149,
  "Minute": 0.00000000149,
  "Minute_Fluctuation": 0.0,
  "Minute_5": 0.00000000149091933681949,
  "Minute_5_Fluctuation": 0.0017593992229929362,
  "Minute_10": 0.00000000149356409610737,
  "Minute_10_Fluctuation": 0.0034725288833645142,
  "Hour": 0.00000000149855354938318,
  "Hour_Fluctuation": 0.004577074488979993,
  "Day": 0.00000000148892913752886,
  "Day_Fluctuation": 0.010289401482286247,
  "ThreeDay": 0.00000000148522619991291,
  "ThreeDay_Fluctuation": 0.00906011239047208,
  "Week": 0.00000000148522619991291,
  "Week_Fluctuation": 0.00906011239047208,
  "Duration": "1.14:16:31.5804229",
  "Updated": "2021-07-23T08:09:10.9548124Z",
  "Failed": 0,
  "HashRate_Live": 34037.0,
  "HashRate_Average": 36571.69936663896,
  "BlockRate_Live": 0.0,
  "BlockRate_Average": 0.0,
  "Actual24h_Week": 0.0,
  "Estimate24h_Week": 0.000000647735186014167,
  "ErrorRatio": 0.596246518034026
}
