{
  "Live": 0.00000000000027522,
  "Minute": 0.00000000000027522,
  "Minute_Fluctuation": 0.0,
  "Minute_5": 0.000000000000266229738879851,
  "Minute_5_Fluctuation": 0.05643315427845981,
  "Minute_10": 0.000000000000260294307372419,
  "Minute_10_Fluctuation": 0.07746556399566461,
  "Hour": 0.000000000000303335730422055,
  "Hour_Fluctuation": 0.18018773274675656,
  "Day": 0.000000000000421956821188385,
  "Day_Fluctuation": 0.14361721818561016,
  "ThreeDay": 0.000000000000437024657789293,
  "ThreeDay_Fluctuation": 0.12550689648010738,
  "Week": 0.000000000000437024657789293,
  "Week_Fluctuation": 0.12550689648010738,
  "Duration": "1.14:16:31.5804229",
  "Updated": "2021-07-23T08:09:11.8515956Z",
  "Failed": 0,
  "HashRate_Live": 0.0,
  "HashRate_Average": 13834316.989490021,
  "BlockRate_Live": 11.0,
  "BlockRate_Average": 9.773518241790805,
  "Actual24h_Week": 0.000132228214423998,
  "Estimate24h_Week": 0.0000897257165176666,
  "ErrorRatio": 1.19125544144921
}
