{
  "Live": 0.00000000022,
  "Minute": 0.00000000022,
  "Minute_Fluctuation": 0.0,
  "Minute_5": 0.000000000220066025777407,
  "Minute_5_Fluctuation": 0.0017413104367276781,
  "Minute_10": 0.000000000221056051344411,
  "Minute_10_Fluctuation": 0.01310808107527012,
  "Hour": 0.000000000226321806400146,
  "Hour_Fluctuation": 0.028002511177970216,
  "Day": 0.000000000231079894099258,
  "Day_Fluctuation": 0.01972212398425865,
  "ThreeDay": 0.000000000230949442092224,
  "ThreeDay_Fluctuation": 0.016846621421857774,
  "Week": 0.000000000230949442092224,
  "Week_Fluctuation": 0.016846621421857774,
  "Duration": "1.14:16:31.5804229",
  "Updated": "2021-07-23T08:09:08.7199341Z",
  "Failed": 0,
  "HashRate_Live": 4294566.0,
  "HashRate_Average": 4243100.893671049,
  "BlockRate_Live": 45.0,
  "BlockRate_Average": 43.78565627970434,
  "Actual24h_Week": 0.0000000680746901329132,
  "Estimate24h_Week": 0.0000000959407895010821,
  "ErrorRatio": 0.882729392709645
}
