{
  "Live": 0.00000000000000426,
  "Minute": 0.00000000000000426,
  "Minute_Fluctuation": 0.0,
  "Minute_5": 0.0000000000000042575402797226,
  "Minute_5_Fluctuation": 0.053803789376805126,
  "Minute_10": 0.0000000000000045048813905674,
  "Minute_10_Fluctuation": 0.10525197392914462,
  "Hour": 0.0000000000000050832905010868,
  "Hour_Fluctuation": 0.13196694072966286,
  "Day": 0.0000000000000058049048400755,
  "Day_Fluctuation": 0.0925821735383466,
  "ThreeDay": 0.0000000000000059233114795526,
  "ThreeDay_Fluctuation": 0.08021976105360716,
  "Week": 0.0000000000000059233114795526,
  "Week_Fluctuation": 0.08021976105360716,
  "Duration": "1.14:16:31.5804229",
  "Updated": "2021-07-23T08:09:08.4240715Z",
  "Failed": 0,
  "HashRate_Live": 20113732711.0,
  "HashRate_Average": 18739874131.105587,
  "BlockRate_Live": 74.0,
  "BlockRate_Average": 71.59531640769643,
  "Actual24h_Week": 0.00000188658807659724,
  "Estimate24h_Week": 0.00000223197116898821,
  "ErrorRatio": 0.937521761883581
}
