{
  "Live": 0.00000000389,
  "Minute": 0.00000000389,
  "Minute_Fluctuation": 0.0,
  "Minute_5": 0.00000000396516676668747,
  "Minute_5_Fluctuation": 0.031204241080248423,
  "Minute_10": 0.00000000403180883602118,
  "Minute_10_Fluctuation": 0.04449409806151792,
  "Hour": 0.00000000384264496455358,
  "Hour_Fluctuation": 0.11799383357349275,
  "Day": 0.00000000432984098021563,
  "Day_Fluctuation": 0.06593443314513056,
  "ThreeDay": 0.00000000438756475602035,
  "ThreeDay_Fluctuation": 0.05869723411029467,
  "Week": 0.00000000438756475602035,
  "Week_Fluctuation": 0.05869723411029467,
  "Duration": "1.14:16:31.5804229",
  "Updated": "2021-07-23T08:09:08.5400729Z",
  "Failed": 0,
  "HashRate_Live": 50864.0,
  "HashRate_Average": 40785.224211743385,
  "BlockRate_Live": 110.0,
  "BlockRate_Average": 104.19281617760699,
  "Actual24h_Week": 0.00000135482406883307,
  "Estimate24h_Week": 0.00000148897056325951,
  "ErrorRatio": 0.963624456013663
}
