{
  "Live": 0.00000000000005,
  "Minute": 0.00000000000005,
  "Minute_Fluctuation": 0.0,
  "Minute_5": 0.0000000000000457335100263274,
  "Minute_5_Fluctuation": 0.11737373019038932,
  "Minute_10": 0.000000000000044605043241777,
  "Minute_10_Fluctuation": 0.11479747321832778,
  "Hour": 0.0000000000000491146767056951,
  "Hour_Fluctuation": 0.1294379943386781,
  "Day": 0.0000000000000511891999250103,
  "Day_Fluctuation": 0.09446867063477511,
  "ThreeDay": 0.000000000000051006549772022,
  "ThreeDay_Fluctuation": 0.08377910088583253,
  "Week": 0.000000000000051006549772022,
  "Week_Fluctuation": 0.08377910088583253,
  "Duration": "1.14:16:31.5804229",
  "Updated": "2021-07-23T08:09:12.8188625Z",
  "Failed": 0,
  "HashRate_Live": 2144414178.0,
  "HashRate_Average": 30890360561.014847,
  "BlockRate_Live": 325.0,
  "BlockRate_Average": 335.731098976915,
  "Actual24h_Week": 0.0000000219581051953323,
  "Estimate24h_Week": 0.000000022422821865994,
  "ErrorRatio": 0.991632142687989
}
