{
  "Live": 0.00000000184,
  "Minute": 0.00000000184,
  "Minute_Fluctuation": 0.0,
  "Minute_5": 0.00000000184226987440136,
  "Minute_5_Fluctuation": 0.0028232508029823336,
  "Minute_10": 0.00000000184334918260866,
  "Minute_10_Fluctuation": 0.003186385071600087,
  "Hour": 0.00000000183602886080262,
  "Hour_Fluctuation": 0.007253435701163717,
  "Day": 0.00000000184819641658604,
  "Day_Fluctuation": 0.00928647963909386,
  "ThreeDay": 0.00000000185257972658073,
  "ThreeDay_Fluctuation": 0.007952778935525012,
  "Week": 0.00000000185257972658073,
  "Week_Fluctuation": 0.007952778935525012,
  "Duration": "1.14:16:31.5804229",
  "Updated": "2021-07-23T08:09:11.0407838Z",
  "Failed": 0,
  "HashRate_Live": 91743.0,
  "HashRate_Average": 95223.5503240483,
  "BlockRate_Live": 0.0,
  "BlockRate_Average": 0.0,
  "Actual24h_Week": 0.0,
  "Estimate24h_Week": 0.000000800938711440479,
  "ErrorRatio": 0.596246518034026
}
