{
  "Live": 0.00000000000001088,
  "Minute": 0.00000000000001088,
  "Minute_Fluctuation": 0.0,
  "Minute_5": 0.0000000000000076622814150614,
  "Minute_5_Fluctuation": 0.8764979718074879,
  "Minute_10": 0.0000000000000068250543792358,
  "Minute_10_Fluctuation": 0.8113986034696468,
  "Hour": 0.0000000000000058973115828745,
  "Hour_Fluctuation": 0.5015382666771949,
  "Day": 0.0000000000000032772394664399,
  "Day_Fluctuation": 0.28038594560831553,
  "ThreeDay": 0.0000000000000030782262402728,
  "ThreeDay_Fluctuation": 0.22931725458958546,
  "Week": 0.0000000000000030782262402728,
  "Week_Fluctuation": 0.22931725458958546,
  "Duration": "1.14:16:31.5804229",
  "Updated": "2021-07-23T08:09:10.8642133Z",
  "Failed": 0,
  "HashRate_Live": 865025379990.0,
  "HashRate_Average": 551583444784.9501,
  "BlockRate_Live": 1.0,
  "BlockRate_Average": 1.7113489625090357,
  "Actual24h_Week": 0.000000583252057892868,
  "Estimate24h_Week": 0.00000152700554045156,
  "ErrorRatio": 0.7504634105074
}
