{
  "Live": 0.00000000000000084,
  "Minute": 0.00000000000000084,
  "Minute_Fluctuation": 0.0,
  "Minute_5": 0.0000000000000007519427579987,
  "Minute_5_Fluctuation": 0.17020359355554088,
  "Minute_10": 0.0000000000000006802718140814,
  "Minute_10_Fluctuation": 0.2107641469631088,
  "Hour": 0.0000000000000005872335251321,
  "Hour_Fluctuation": 0.1986267656443244,
  "Day": 0.0000000000000004501959569262,
  "Day_Fluctuation": 0.16657962890459738,
  "ThreeDay": 0.0000000000000004343510159815,
  "ThreeDay_Fluctuation": 0.14320716912299564,
  "Week": 0.0000000000000004343510159815,
  "Week_Fluctuation": 0.14320716912299564,
  "Duration": "1.14:16:31.5804229",
  "Updated": "2021-07-23T08:09:10.0919447Z",
  "Failed": 0,
  "HashRate_Live": 3037466842429.0,
  "HashRate_Average": 3087142459263.4414,
  "BlockRate_Live": 85.0,
  "BlockRate_Average": 80.15279704716369,
  "Actual24h_Week": 0.000000214186841978952,
  "Estimate24h_Week": 0.000000200646009704678,
  "ErrorRatio": 1.02724777924815
}
