{
  "Live": 0.00000000000374,
  "Minute": 0.00000000000374,
  "Minute_Fluctuation": 0.0,
  "Minute_5": 0.00000000000360289009301688,
  "Minute_5_Fluctuation": 0.05781960463574831,
  "Minute_10": 0.00000000000341872979621154,
  "Minute_10_Fluctuation": 0.1170187229208366,
  "Hour": 0.00000000000275269538814456,
  "Hour_Fluctuation": 0.26842267557622185,
  "Day": 0.00000000000142088058569487,
  "Day_Fluctuation": 0.2921920909438387,
  "ThreeDay": 0.00000000000136790554580407,
  "ThreeDay_Fluctuation": 0.23906767371935386,
  "Week": 0.00000000000136790554580407,
  "Week_Fluctuation": 0.2390676737193539,
  "Duration": "1.14:16:31.5804229",
  "Updated": "2021-07-23T08:09:09.826305Z",
  "Failed": 0,
  "HashRate_Live": 1806570.0,
  "HashRate_Average": 1976783.3464219912,
  "BlockRate_Live": 74.0,
  "BlockRate_Average": 74.67717205548722,
  "Actual24h_Week": 0.000000813641905610109,
  "Estimate24h_Week": 0.000000783905387244369,
  "ErrorRatio": 1.01531590805099
}
