{
  "Live": 0.00000000584,
  "Minute": 0.00000000584,
  "Minute_Fluctuation": 0.0,
  "Minute_5": 0.00000000591640866861235,
  "Minute_5_Fluctuation": 0.024247590718088345,
  "Minute_10": 0.00000000589198390478921,
  "Minute_10_Fluctuation": 0.029418885143837916,
  "Hour": 0.0000000056551384302483,
  "Hour_Fluctuation": 0.07618969011918478,
  "Day": 0.00000000457192080199073,
  "Day_Fluctuation": 0.07162866351819083,
  "ThreeDay": 0.00000000450496725695216,
  "ThreeDay_Fluctuation": 0.061608085087704094,
  "Week": 0.00000000450496725695216,
  "Week_Fluctuation": 0.061608085087704094,
  "Duration": "1.14:16:31.5804229",
  "Updated": "2021-07-23T08:09:10.6971102Z",
  "Failed": 0,
  "HashRate_Live": 54459.0,
  "HashRate_Average": 95939.41080000743,
  "BlockRate_Live": 203.0,
  "BlockRate_Average": 201.51492539824812,
  "Actual24h_Week": 0.00000124486976342095,
  "Estimate24h_Week": 0.00000200556050577491,
  "ErrorRatio": 0.846859999964937
}
