{
  "Live": 0.00000000000655,
  "Minute": 0.00000000000655,
  "Minute_Fluctuation": 0.0,
  "Minute_5": 0.00000000000655014899595222,
  "Minute_5_Fluctuation": 0.00022192302070836838,
  "Minute_10": 0.00000000000656574720263466,
  "Minute_10_Fluctuation": 0.01016266578031306,
  "Hour": 0.00000000000694718509171639,
  "Hour_Fluctuation": 0.06261533674592708,
  "Day": 0.00000000000706891642998054,
  "Day_Fluctuation": 0.02260739550106319,
  "ThreeDay": 0.00000000000707913086976228,
  "ThreeDay_Fluctuation": 0.017296650928459164,
  "Week": 0.00000000000707913086976228,
  "Week_Fluctuation": 0.017296650928459164,
  "Duration": "1.14:16:31.5804229",
  "Updated": "2021-07-23T08:09:09.9566079Z",
  "Failed": 0,
  "HashRate_Live": 15347350.0,
  "HashRate_Average": 25199761.13497694,
  "BlockRate_Live": 465.0,
  "BlockRate_Average": 459.69034642499474,
  "Actual24h_Week": 0.00000326182927791366,
  "Estimate24h_Week": 0.00000324507017076043,
  "ErrorRatio": 1.00208517767311
}
