{
  "Live": 0.0000000000003332,
  "Minute": 0.0000000000003332,
  "Minute_Fluctuation": 0.0,
  "Minute_5": 0.000000000000339617006515249,
  "Minute_5_Fluctuation": 0.03450533727577856,
  "Minute_10": 0.000000000000352562906417963,
  "Minute_10_Fluctuation": 0.08019572005346566,
  "Hour": 0.000000000000430637616110493,
  "Hour_Fluctuation": 0.2888124177210909,
  "Day": 0.000000000000282802256125278,
  "Day_Fluctuation": 0.21897207071006872,
  "ThreeDay": 0.000000000000266259819141016,
  "ThreeDay_Fluctuation": 0.1761388301923648,
  "Week": 0.000000000000266259819141016,
  "Week_Fluctuation": 0.1761388301923648,
  "Duration": "1.14:16:31.5804229",
  "Updated": "2021-07-23T08:09:13.0334252Z",
  "Failed": 0,
  "HashRate_Live": 428021466.0,
  "HashRate_Average": 335439133.4076872,
  "BlockRate_Live": 275.0,
  "BlockRate_Average": 270.07455457373294,
  "Actual24h_Week": 0.000126923143719364,
  "Estimate24h_Week": 0.000156035266904082,
  "ErrorRatio": 0.924670099673828
}
