{
  "Live": 0.00000000000001777,
  "Minute": 0.00000000000001777,
  "Minute_Fluctuation": 0.0,
  "Minute_5": 0.0000000000000193264365171847,
  "Minute_5_Fluctuation": 0.09773566060505248,
  "Minute_10": 0.0000000000000213284861328317,
  "Minute_10_Fluctuation": 0.19018054182946997,
  "Hour": 0.0000000000000485868953117058,
  "Hour_Fluctuation": 0.5104769973216156,
  "Day": 0.0000000000000191008142531696,
  "Day_Fluctuation": 0.37720577402259176,
  "ThreeDay": 0.0000000000000173960378072769,
  "ThreeDay_Fluctuation": 0.28428046474171736,
  "Week": 0.0000000000000173960378072769,
  "Week_Fluctuation": 0.28428046474171725,
  "Duration": "1.14:16:31.5804229",
  "Updated": "2021-07-23T08:09:09.6450544Z",
  "Failed": 0,
  "HashRate_Live": 803828532747.0,
  "HashRate_Average": 781922992911.996,
  "BlockRate_Live": 278.0,
  "BlockRate_Average": 241.49039112626537,
  "Actual24h_Week": 0.00000562127546277751,
  "Estimate24h_Week": 0.00000632284295923418,
  "ErrorRatio": 0.955200481594305
}
