{
  "Live": 0.00000000196,
  "Minute": 0.00000000196,
  "Minute_Fluctuation": 0.0,
  "Minute_5": 0.00000000200908775284719,
  "Minute_5_Fluctuation": 0.050803123537966434,
  "Minute_10": 0.00000000195556540825698,
  "Minute_10_Fluctuation": 0.08141274615558584,
  "Hour": 0.00000000172904827305546,
  "Hour_Fluctuation": 0.12652591616294628,
  "Day": 0.00000000209927988914714,
  "Day_Fluctuation": 0.08878663317667473,
  "ThreeDay": 0.00000000214808177922693,
  "ThreeDay_Fluctuation": 0.07599381745854658,
  "Week": 0.00000000214808177922693,
  "Week_Fluctuation": 0.07599381745854658,
  "Duration": "1.14:16:31.5804229",
  "Updated": "2021-07-23T08:09:08.8815394Z",
  "Failed": 0,
  "HashRate_Live": 3892489.0,
  "HashRate_Average": 5513061.608052725,
  "BlockRate_Live": 9.0,
  "BlockRate_Average": 8.818988303997248,
  "Actual24h_Week": 0.00000112311324795724,
  "Estimate24h_Week": 0.000000873730365370325,
  "ErrorRatio": 1.11524059501412
}
