{
  "Live": 0.00000000012429,
  "Minute": 0.00000000012429,
  "Minute_Fluctuation": 0.0,
  "Minute_5": 0.000000000124899011223136,
  "Minute_5_Fluctuation": 0.03713179828302694,
  "Minute_10": 0.000000000131929865221943,
  "Minute_10_Fluctuation": 0.10382199650797172,
  "Hour": 0.000000000163629019628504,
  "Hour_Fluctuation": 0.1659392854515413,
  "Day": 0.000000000152581217428823,
  "Day_Fluctuation": 0.13588652749494862,
  "ThreeDay": 0.000000000149340488624381,
  "ThreeDay_Fluctuation": 0.12244740799889398,
  "Week": 0.000000000149340488624381,
  "Week_Fluctuation": 0.12244740799889398,
  "Duration": "1.13:12:58.6740266",
  "Updated": "2021-07-23T08:09:08.8179783Z",
  "Failed": 0,
  "HashRate_Live": 211548.0,
  "HashRate_Average": 198321.07029010783,
  "BlockRate_Live": 189.0,
  "BlockRate_Average": 188.42268371591902,
  "Actual24h_Week": 0.0000794136240647577,
  "Estimate24h_Week": 0.0000872155361044183,
  "ErrorRatio": 0.964756526108332
}
