{
  "Live": 0.00000000000143,
  "Minute": 0.00000000000143,
  "Minute_Fluctuation": 0.0,
  "Minute_5": 0.00000000000142999997795895,
  "Minute_5_Fluctuation": 2.7117742347884026E-07,
  "Minute_10": 0.00000000000143000930221353,
  "Minute_10_Fluctuation": 8.574893367684139E-05,
  "Hour": 0.00000000000143963414355636,
  "Hour_Fluctuation": 0.014147502078721449,
  "Day": 0.00000000000163629970635147,
  "Day_Fluctuation": 0.06838590744227183,
  "ThreeDay": 0.00000000000166194269176626,
  "ThreeDay_Fluctuation": 0.06036060372605039,
  "Week": 0.00000000000166194269176626,
  "Week_Fluctuation": 0.0603606037260504,
  "Duration": "1.14:16:31.5804229",
  "Updated": "2021-07-23T08:09:09.4037984Z",
  "Failed": 0,
  "HashRate_Live": 70132342.0,
  "HashRate_Average": 76762962.6018694,
  "BlockRate_Live": 25.0,
  "BlockRate_Average": 24.769746141679235,
  "Actual24h_Week": 0.00000076408183390096,
  "Estimate24h_Week": 0.000000657864198813691,
  "ErrorRatio": 1.06518935076572
}
