{
  "Live": 0.00000000000535,
  "Minute": 0.00000000000535,
  "Minute_Fluctuation": 0.0,
  "Minute_5": 0.00000000000534999983076112,
  "Minute_5_Fluctuation": 4.7048003898747577E-07,
  "Minute_10": 0.00000000000535041037484113,
  "Minute_10_Fluctuation": 0.0006938841819358588,
  "Hour": 0.00000000000634856792508324,
  "Hour_Fluctuation": 0.26960636071001237,
  "Day": 0.000000000012538254909662,
  "Day_Fluctuation": 0.1614016324006425,
  "ThreeDay": 0.0000000000130852722650658,
  "ThreeDay_Fluctuation": 0.13257289082023418,
  "Week": 0.0000000000130852722650658,
  "Week_Fluctuation": 0.13257289082023418,
  "Duration": "1.14:14:22.7184991",
  "Updated": "2021-07-23T07:34:47.2674812Z",
  "Failed": 0,
  "HashRate_Live": 0.0,
  "HashRate_Average": 12748230.383579146,
  "BlockRate_Live": 506.0,
  "BlockRate_Average": 520.7704718247161,
  "Actual24h_Week": 0.00000420129716559494,
  "Estimate24h_Week": 0.00000465771234171083,
  "ErrorRatio": 0.960467929090234
}
