{
  "Live": 0.00000059699,
  "Minute": 0.00000059699,
  "Minute_Fluctuation": 0.0,
  "Minute_5": 0.00000064546178457688,
  "Minute_5_Fluctuation": 0.08204134731993548,
  "Minute_10": 0.000000674553310169056,
  "Minute_10_Fluctuation": 0.08289236457847506,
  "Hour": 0.00000064946962766887,
  "Hour_Fluctuation": 0.12063766068160203,
  "Day": 0.00000068466264147723,
  "Day_Fluctuation": 0.04431192839350622,
  "ThreeDay": 0.000000686474081192418,
  "ThreeDay_Fluctuation": 0.0354392371652994,
  "Week": 0.000000686474081192418,
  "Week_Fluctuation": 0.0354392371652994,
  "Duration": "1.14:16:31.5804229",
  "Updated": "2021-07-23T08:09:09.0233554Z",
  "Failed": 0,
  "HashRate_Live": 4406.0,
  "HashRate_Average": 3710.066056825944,
  "BlockRate_Live": 102.0,
  "BlockRate_Average": 95.96139055508125,
  "Actual24h_Week": 0.000248714602276039,
  "Estimate24h_Week": 0.000345342195495899,
  "ErrorRatio": 0.887028785577482
}
