{
  "Live": 0.00000000001727,
  "Minute": 0.00000000001727,
  "Minute_Fluctuation": 0.0,
  "Minute_5": 0.0000000000185954994660656,
  "Minute_5_Fluctuation": 0.14652248928665404,
  "Minute_10": 0.000000000021088288074594,
  "Minute_10_Fluctuation": 0.2000278534940284,
  "Hour": 0.0000000000225110983530477,
  "Hour_Fluctuation": 0.18107398992929258,
  "Day": 0.000000000020803579586211,
  "Day_Fluctuation": 0.06341057891714195,
  "ThreeDay": 0.000000000020739723237999,
  "ThreeDay_Fluctuation": 0.051422045739227804,
  "Week": 0.000000000020739723237999,
  "Week_Fluctuation": 0.051422045739227804,
  "Duration": "1.14:16:31.5804229",
  "Updated": "2021-07-23T08:09:10.1575848Z",
  "Failed": 0,
  "HashRate_Live": 150950473.0,
  "HashRate_Average": 143887347.79017752,
  "BlockRate_Live": 372.0,
  "BlockRate_Average": 365.4799375411365,
  "Actual24h_Week": 0.00000764058363438236,
  "Estimate24h_Week": 0.00000944134298023803,
  "ErrorRatio": 0.922991585244405
}
