{
  "Live": 0.00000000118,
  "Minute": 0.00000000118,
  "Minute_Fluctuation": 0.0,
  "Minute_5": 0.00000000119798563777882,
  "Minute_5_Fluctuation": 0.03246987106475119,
  "Minute_10": 0.00000000123723443691805,
  "Minute_10_Fluctuation": 0.05595342910561694,
  "Hour": 0.00000000134567663977618,
  "Hour_Fluctuation": 0.045785932389604184,
  "Day": 0.00000000125576383119708,
  "Day_Fluctuation": 0.04277549732674153,
  "ThreeDay": 0.00000000124263018601191,
  "ThreeDay_Fluctuation": 0.03661125964066006,
  "Week": 0.00000000124263018601191,
  "Week_Fluctuation": 0.03661125964066006,
  "Duration": "1.14:16:31.5804229",
  "Updated": "2021-07-23T08:09:10.5972778Z",
  "Failed": 0,
  "HashRate_Live": 5037.0,
  "HashRate_Average": 4298.314689680318,
  "BlockRate_Live": 0.0,
  "BlockRate_Average": 0.0,
  "Actual24h_Week": 0.0,
  "Estimate24h_Week": 0.000000573746425162859,
  "ErrorRatio": 0.596246518034026
}
