{
  "Live": 0.00000000351,
  "Minute": 0.00000000351,
  "Minute_Fluctuation": 0.0,
  "Minute_5": 0.00000000338064738144158,
  "Minute_5_Fluctuation": 0.035344524258545076,
  "Minute_10": 0.00000000331980965330218,
  "Minute_10_Fluctuation": 0.03886217777079834,
  "Hour": 0.00000000377986259210648,
  "Hour_Fluctuation": 0.20091868867243784,
  "Day": 0.00000000346403358361681,
  "Day_Fluctuation": 0.10589823762487346,
  "ThreeDay": 0.00000000342226155025783,
  "ThreeDay_Fluctuation": 0.08933650690837024,
  "Week": 0.00000000342226155025783,
  "Week_Fluctuation": 0.08933650690837024,
  "Duration": "1.14:16:31.5804229",
  "Updated": "2021-07-23T08:09:13.7642443Z",
  "Failed": 0,
  "HashRate_Live": 315928.0,
  "HashRate_Average": 290730.5181103178,
  "BlockRate_Live": 444.0,
  "BlockRate_Average": 448.33954888963035,
  "Actual24h_Week": 0.00000138088408706235,
  "Estimate24h_Week": 0.00000162146450096867,
  "ErrorRatio": 0.940094168111935
}
