{
  "Live": 0.00000000000047012,
  "Minute": 0.00000000000047012,
  "Minute_Fluctuation": 0.0,
  "Minute_5": 0.000000000000431238270827791,
  "Minute_5_Fluctuation": 0.20410417693958852,
  "Minute_10": 0.000000000000416222772522012,
  "Minute_10_Fluctuation": 0.21784079469366072,
  "Hour": 0.000000000000398615280316258,
  "Hour_Fluctuation": 0.15206758713113022,
  "Day": 0.000000000000414646698535576,
  "Day_Fluctuation": 0.06171492794940188,
  "ThreeDay": 0.000000000000416496740631144,
  "ThreeDay_Fluctuation": 0.051716793628787436,
  "Week": 0.000000000000416496740631144,
  "Week_Fluctuation": 0.051716793628787436,
  "Duration": "1.14:16:31.5804229",
  "Updated": "2021-07-23T08:09:11.2285737Z",
  "Failed": 0,
  "HashRate_Live": 73734224179.0,
  "HashRate_Average": 73762181362.157,
  "BlockRate_Live": 320.0,
  "BlockRate_Average": 327.64934460783115,
  "Actual24h_Week": 0.0000737724379873488,
  "Estimate24h_Week": 0.00198740753221994,
  "ErrorRatio": 0.611233820953845
}
