{
  "Live": 0.00000000006982,
  "Minute": 0.00000000006982,
  "Minute_Fluctuation": 0.0,
  "Minute_5": 0.0000000000698172582913212,
  "Minute_5_Fluctuation": 0.00027087694525472825,
  "Minute_10": 0.0000000000697511731789007,
  "Minute_10_Fluctuation": 0.003389946364438854,
  "Hour": 0.0000000000684798676543049,
  "Hour_Fluctuation": 0.014966559661470669,
  "Day": 0.0000000000681778604722668,
  "Day_Fluctuation": 0.0056848222528863256,
  "ThreeDay": 0.0000000000681768333766463,
  "ThreeDay_Fluctuation": 0.004544894462077747,
  "Week": 0.0000000000681768333766463,
  "Week_Fluctuation": 0.004544894462077747,
  "Duration": "1.14:07:54.4857133",
  "Updated": "2021-07-23T08:09:12.2872733Z",
  "Failed": 0,
  "HashRate_Live": 486023500.0,
  "HashRate_Average": 479478394.60187054,
  "BlockRate_Live": 99.0,
  "BlockRate_Average": 96.25038748590221,
  "Actual24h_Week": 0.0000278975167325047,
  "Estimate24h_Week": 0.0000303137639740402,
  "ErrorRatio": 0.967922951098921
}
