{
  "Live": 0.0000000000000029,
  "Minute": 0.0000000000000029,
  "Minute_Fluctuation": 0.0,
  "Minute_5": 0.0000000000000028893125219502,
  "Minute_5_Fluctuation": 0.009908599759348024,
  "Minute_10": 0.0000000000000029021115279877,
  "Minute_10_Fluctuation": 0.013721301953126217,
  "Hour": 0.0000000000000029827619337261,
  "Hour_Fluctuation": 0.03941410118853057,
  "Day": 0.0000000000000026269036551805,
  "Day_Fluctuation": 0.04720443525236929,
  "ThreeDay": 0.0000000000000026032349497214,
  "ThreeDay_Fluctuation": 0.038228402897483436,
  "Week": 0.0000000000000026032349497214,
  "Week_Fluctuation": 0.03822840289748344,
  "Duration": "1.14:16:31.5804229",
  "Updated": "2021-07-23T08:09:10.7690328Z",
  "Failed": 0,
  "HashRate_Live": 151410081223.0,
  "HashRate_Average": 163339923228.1738,
  "BlockRate_Live": 739.0,
  "BlockRate_Average": 739.0781447512019,
  "Actual24h_Week": 0.00000110768023831856,
  "Estimate24h_Week": 0.00000120923208078008,
  "ErrorRatio": 0.966092604847661
}
