{
  "Live": 0.00000000000002917,
  "Minute": 0.00000000000002917,
  "Minute_Fluctuation": 0.0,
  "Minute_5": 0.0000000000000272215050248166,
  "Minute_5_Fluctuation": 0.08168371959775486,
  "Minute_10": 0.0000000000000264232548655282,
  "Minute_10_Fluctuation": 0.07561834375780593,
  "Hour": 0.0000000000000261314202778378,
  "Hour_Fluctuation": 0.13675794854472312,
  "Day": 0.0000000000000206153032302704,
  "Day_Fluctuation": 0.16327323548983644,
  "ThreeDay": 0.0000000000000198843797711254,
  "ThreeDay_Fluctuation": 0.14234033838892882,
  "Week": 0.0000000000000198843797711254,
  "Week_Fluctuation": 0.1423403383889288,
  "Duration": "1.14:16:31.5804229",
  "Updated": "2021-07-23T08:09:12.0496234Z",
  "Failed": 0,
  "HashRate_Live": 12955617893.0,
  "HashRate_Average": 11070984585.31838,
  "BlockRate_Live": 790.0,
  "BlockRate_Average": 797.7207532043293,
  "Actual24h_Week": 0.0000118312188410406,
  "Estimate24h_Week": 0.0000110512725759888,
  "ErrorRatio": 1.02849500074274
}
