{
  "Live": 0.00000003197,
  "Minute": 0.00000003197,
  "Minute_Fluctuation": 0.0,
  "Minute_5": 0.0000000308391812914624,
  "Minute_5_Fluctuation": 0.05170878747662651,
  "Minute_10": 0.0000000298762390412553,
  "Minute_10_Fluctuation": 0.051767582961652465,
  "Hour": 0.0000000297089278195096,
  "Hour_Fluctuation": 0.050199127255596034,
  "Day": 0.0000000324807633272383,
  "Day_Fluctuation": 0.02681982537910115,
  "ThreeDay": 0.000000032634192543733,
  "ThreeDay_Fluctuation": 0.021818099511810858,
  "Week": 0.000000032634192543733,
  "Week_Fluctuation": 0.021818099511810855,
  "Duration": "1.14:16:31.5804229",
  "Updated": "2021-07-23T08:09:08.6053754Z",
  "Failed": 0,
  "HashRate_Live": 164152.0,
  "HashRate_Average": 191033.05608445973,
  "BlockRate_Live": 174.0,
  "BlockRate_Average": 176.68750677370662,
  "Actual24h_Week": 0.0000141937335136647,
  "Estimate24h_Week": 0.0000136915921785407,
  "ErrorRatio": 1.01480772359062
}
