{
  "Live": 0.0000000000000517,
  "Minute": 0.0000000000000517,
  "Minute_Fluctuation": 0.0,
  "Minute_5": 0.0000000000000516745255404478,
  "Minute_5_Fluctuation": 0.008951470846772181,
  "Minute_10": 0.0000000000000502274317543494,
  "Minute_10_Fluctuation": 0.11099342200958172,
  "Hour": 0.0000000000000358831277406849,
  "Hour_Fluctuation": 0.282206369175729,
  "Day": 0.0000000000000339282886400968,
  "Day_Fluctuation": 0.08063813163703232,
  "ThreeDay": 0.0000000000000340904214416203,
  "ThreeDay_Fluctuation": 0.06399435097489961,
  "Week": 0.0000000000000340904214416203,
  "Week_Fluctuation": 0.06399435097489961,
  "Duration": "1.14:16:31.5804229",
  "Updated": "2021-07-23T08:09:11.7100164Z",
  "Failed": 0,
  "HashRate_Live": 164193736.0,
  "HashRate_Average": 90825533.93638548,
  "BlockRate_Live": 4.0,
  "BlockRate_Average": 4.017065121452849,
  "Actual24h_Week": 0.0000154687090911247,
  "Estimate24h_Week": 0.0000167906615009247,
  "ErrorRatio": 0.968211920154506
}
