{
  "Live": 0.00000000000070725,
  "Minute": 0.00000000000070725,
  "Minute_Fluctuation": 0.0,
  "Minute_5": 0.000000000000702652651237652,
  "Minute_5_Fluctuation": 0.010130763791390758,
  "Minute_10": 0.000000000000695196648004171,
  "Minute_10_Fluctuation": 0.02296990366171016,
  "Hour": 0.000000000000668221545002596,
  "Hour_Fluctuation": 0.05075678257709206,
  "Day": 0.000000000000471817730966271,
  "Day_Fluctuation": 0.1755860043200602,
  "ThreeDay": 0.00000000000045010681792488,
  "ThreeDay_Fluctuation": 0.14544169105917953,
  "Week": 0.00000000000045010681792488,
  "Week_Fluctuation": 0.14544169105917953,
  "Duration": "1.14:16:31.5804229",
  "Updated": "2021-07-23T08:09:12.1863455Z",
  "Failed": 0,
  "HashRate_Live": 107033520.0,
  "HashRate_Average": 118498992.40428196,
  "BlockRate_Live": 0.0,
  "BlockRate_Average": 0.004988756420036003,
  "Actual24h_Week": 0.0000651718430264861,
  "Estimate24h_Week": 0.000235736178438059,
  "ErrorRatio": 0.707868580979267
}
