{
  "Live": 0.00000000000000214,
  "Minute": 0.00000000000000214,
  "Minute_Fluctuation": 0.0,
  "Minute_5": 0.0000000000000021395484531687,
  "Minute_5_Fluctuation": 0.001869195663828844,
  "Minute_10": 0.0000000000000021366488709564,
  "Minute_10_Fluctuation": 0.0025756935887974084,
  "Hour": 0.0000000000000021421575097134,
  "Hour_Fluctuation": 0.005774801695498411,
  "Day": 0.0000000000000022273690461226,
  "Day_Fluctuation": 0.010120172972521005,
  "ThreeDay": 0.0000000000000022339202457114,
  "ThreeDay_Fluctuation": 0.007877860809765585,
  "Week": 0.0000000000000022339202457114,
  "Week_Fluctuation": 0.007877860809765585,
  "Duration": "1.14:16:31.5804229",
  "Updated": "2021-07-23T08:09:09.4614178Z",
  "Failed": 0,
  "HashRate_Live": 3655524239072.0,
  "HashRate_Average": 3655020836641.2397,
  "BlockRate_Live": 250.0,
  "BlockRate_Average": 246.7508625052388,
  "Actual24h_Week": 0.00000100818988405538,
  "Estimate24h_Week": 0.000000986760954951756,
  "ErrorRatio": 1.0087680858236
}
