{
  "Live": 0.00000000000878,
  "Minute": 0.00000000000878,
  "Minute_Fluctuation": 0.0,
  "Minute_5": 0.00000000000897718251800683,
  "Minute_5_Fluctuation": 0.024693962980241374,
  "Minute_10": 0.0000000000091173207397046,
  "Minute_10_Fluctuation": 0.039339152162148616,
  "Hour": 0.00000000000968501140858814,
  "Hour_Fluctuation": 0.09130271381512639,
  "Day": 0.00000000000994617696271189,
  "Day_Fluctuation": 0.051162312402223895,
  "ThreeDay": 0.00000000000998226236111698,
  "ThreeDay_Fluctuation": 0.04290785317388777,
  "Week": 0.00000000000998226236111698,
  "Week_Fluctuation": 0.042907853173887775,
  "Duration": "1.14:16:31.5804229",
  "Updated": "2021-07-23T08:09:13.2164011Z",
  "Failed": 0,
  "HashRate_Live": 71553414.0,
  "HashRate_Average": 69058107.44064616,
  "BlockRate_Live": 281.0,
  "BlockRate_Average": 273.62759582032146,
  "Actual24h_Week": 0.00000370419059384026,
  "Estimate24h_Week": 0.00000431492680982577,
  "ErrorRatio": 0.942852594114608
}
