{
  "Live": 0.00000000000197,
  "Minute": 0.00000000000197,
  "Minute_Fluctuation": 0.0,
  "Minute_5": 0.00000000000196999999999912,
  "Minute_5_Fluctuation": 1.3556900083165254E-11,
  "Minute_10": 0.0000000000019699988025699,
  "Minute_10_Fluctuation": 8.18623602852407E-06,
  "Hour": 0.00000000000192489715693649,
  "Hour_Fluctuation": 0.05012234317632011,
  "Day": 0.0000000000029530661742866,
  "Day_Fluctuation": 0.18261286984615976,
  "ThreeDay": 0.00000000000310917991541355,
  "ThreeDay_Fluctuation": 0.15212422807026357,
  "Week": 0.00000000000310917991541355,
  "Week_Fluctuation": 0.15212422807026357,
  "Duration": "1.14:16:31.5804229",
  "Updated": "2021-07-23T08:09:13.3169489Z",
  "Failed": 0,
  "HashRate_Live": 6642883.0,
  "HashRate_Average": 4421462.413259498,
  "BlockRate_Live": 47.0,
  "BlockRate_Average": 43.69934485461686,
  "Actual24h_Week": 0.0000015524351210357,
  "Estimate24h_Week": 0.00000116218488713902,
  "ErrorRatio": 1.13557644099271
}
