{
  "Live": 0.00000000000002232,
  "Minute": 0.00000000000002232,
  "Minute_Fluctuation": 0.0,
  "Minute_5": 0.0000000000000272867965998782,
  "Minute_5_Fluctuation": 0.3161884210449571,
  "Minute_10": 0.0000000000000299686517166765,
  "Minute_10_Fluctuation": 0.3460380507124481,
  "Hour": 0.0000000000000366890476706659,
  "Hour_Fluctuation": 0.3463869431594594,
  "Day": 0.0000000000000331775468235968,
  "Day_Fluctuation": 0.1651450373314346,
  "ThreeDay": 0.0000000000000331083071845862,
  "ThreeDay_Fluctuation": 0.1374023427741759,
  "Week": 0.0000000000000331083071845862,
  "Week_Fluctuation": 0.1374023427741759,
  "Duration": "1.14:16:31.5804229",
  "Updated": "2021-07-23T08:09:10.4634757Z",
  "Failed": 0,
  "HashRate_Live": 6262818232.0,
  "HashRate_Average": 4851244892.081448,
  "BlockRate_Live": 0.0,
  "BlockRate_Average": 0.0,
  "Actual24h_Week": 0.0,
  "Estimate24h_Week": 0.0000109235162189095,
  "ErrorRatio": 0.596246518034026
}
