{
  "Live": 0.00000000000000162,
  "Minute": 0.00000000000000162,
  "Minute_Fluctuation": 0.0,
  "Minute_5": 0.0000000000000016148745505779,
  "Minute_5_Fluctuation": 0.014360304308218932,
  "Minute_10": 0.0000000000000015967576292702,
  "Minute_10_Fluctuation": 0.04613269890784861,
  "Hour": 0.0000000000000012782063824997,
  "Hour_Fluctuation": 0.30265733212395673,
  "Day": 0.0000000000000011529574484802,
  "Day_Fluctuation": 0.18782006104205057,
  "ThreeDay": 0.0000000000000011706510253599,
  "ThreeDay_Fluctuation": 0.16952501073568227,
  "Week": 0.0000000000000011706510253599,
  "Week_Fluctuation": 0.16952501073568227,
  "Duration": "1.14:16:31.5804229",
  "Updated": "2021-07-23T08:09:11.5910617Z",
  "Failed": 0,
  "HashRate_Live": 12068239626.0,
  "HashRate_Average": 9838083683.33455,
  "BlockRate_Live": 5.0,
  "BlockRate_Average": 4.917869198101339,
  "Actual24h_Week": 0.000000340463018640428,
  "Estimate24h_Week": 0.000000692769827133629,
  "ErrorRatio": 0.79467191687895
}
