{
  "Live": 0.00000000000001578,
  "Minute": 0.00000000000001578,
  "Minute_Fluctuation": 0.0,
  "Minute_5": 0.0000000000000162562726720156,
  "Minute_5_Fluctuation": 0.03601933821123692,
  "Minute_10": 0.0000000000000167980034962932,
  "Minute_10_Fluctuation": 0.06473220844967857,
  "Hour": 0.0000000000000193647899416359,
  "Hour_Fluctuation": 0.145064162737982,
  "Day": 0.0000000000000206528890596396,
  "Day_Fluctuation": 0.0934065004027749,
  "ThreeDay": 0.0000000000000210010402758075,
  "ThreeDay_Fluctuation": 0.08435603213369977,
  "Week": 0.0000000000000210010402758075,
  "Week_Fluctuation": 0.08435603213369977,
  "Duration": "1.14:16:31.5804229",
  "Updated": "2021-07-23T08:09:11.5014861Z",
  "Failed": 0,
  "HashRate_Live": 15043723840.0,
  "HashRate_Average": 11181616894.12384,
  "BlockRate_Live": 156.0,
  "BlockRate_Average": 154.26957859830267,
  "Actual24h_Week": 0.00000694622386671072,
  "Estimate24h_Week": 0.00000764491381675298,
  "ErrorRatio": 0.963099845608984
}
