{
  "Live": 0.00000000000097327,
  "Minute": 0.00000000000097327,
  "Minute_Fluctuation": 0.0,
  "Minute_5": 0.000000000000962553479966672,
  "Minute_5_Fluctuation": 0.01872776909014032,
  "Minute_10": 0.000000000000960479738090661,
  "Minute_10_Fluctuation": 0.022913456657057206,
  "Hour": 0.000000000000930817681393804,
  "Hour_Fluctuation": 0.06495842269952684,
  "Day": 0.00000000000100798833878827,
  "Day_Fluctuation": 0.07672956414284567,
  "ThreeDay": 0.00000000000102710007986385,
  "ThreeDay_Fluctuation": 0.06692438149846199,
  "Week": 0.00000000000102710007986385,
  "Week_Fluctuation": 0.06692438149846199,
  "Duration": "1.14:16:31.5804229",
  "Updated": "2021-07-23T08:09:12.3695996Z",
  "Failed": 0,
  "HashRate_Live": 9269876361.0,
  "HashRate_Average": 9098150433.686108,
  "BlockRate_Live": 32.0,
  "BlockRate_Average": 30.496402973785194,
  "Actual24h_Week": 0.000376594112857929,
  "Estimate24h_Week": 0.000413512489927767,
  "ErrorRatio": 0.963952906735457
}
