{
  "Live": 0.00000000012894,
  "Minute": 0.00000000012894,
  "Minute_Fluctuation": 0.0,
  "Minute_5": 0.000000000125171374532741,
  "Minute_5_Fluctuation": 0.04733980924882404,
  "Minute_10": 0.000000000126276592889591,
  "Minute_10_Fluctuation": 0.05371758334414499,
  "Hour": 0.000000000147020270572046,
  "Hour_Fluctuation": 0.13989071876992645,
  "Day": 0.000000000257201117585611,
  "Day_Fluctuation": 0.13521979950763505,
  "ThreeDay": 0.000000000264070715361083,
  "ThreeDay_Fluctuation": 0.1089462499958013,
  "Week": 0.000000000264070715361083,
  "Week_Fluctuation": 0.1089462499958013,
  "Duration": "1.14:16:31.5804229",
  "Updated": "2021-07-23T08:09:08.2973163Z",
  "Failed": 0,
  "HashRate_Live": 1923340.0,
  "HashRate_Average": 2067035.5702432427,
  "BlockRate_Live": 56.0,
  "BlockRate_Average": 56.48603096501736,
  "Actual24h_Week": 0.000109656910154237,
  "Estimate24h_Week": 0.000095979354110903,
  "ErrorRatio": 1.05753696644905
}
