{
  "Live": 0.00000000000037,
  "Minute": 0.00000000000037,
  "Minute_Fluctuation": 0.0,
  "Minute_5": 0.000000000000367421546963083,
  "Minute_5_Fluctuation": 0.02053763675191161,
  "Minute_10": 0.000000000000361606042197393,
  "Minute_10_Fluctuation": 0.03521567160329652,
  "Hour": 0.000000000000382088034313719,
  "Hour_Fluctuation": 0.09754287628961507,
  "Day": 0.000000000000347205741220601,
  "Day_Fluctuation": 0.13666902977988946,
  "ThreeDay": 0.000000000000335976655626555,
  "ThreeDay_Fluctuation": 0.12000027141196802,
  "Week": 0.000000000000335976655626555,
  "Week_Fluctuation": 0.12000027141196802,
  "Duration": "1.14:16:31.5804229",
  "Updated": "2021-07-23T08:09:12.8840054Z",
  "Failed": 0,
  "HashRate_Live": 4627111.0,
  "HashRate_Average": 4661182.154486412,
  "BlockRate_Live": 5.0,
  "BlockRate_Average": 5.524168527639432,
  "Actual24h_Week": 0.000000252742199272413,
  "Estimate24h_Week": 0.000000192630613877873,
  "ErrorRatio": 1.12599379413766
}
