{
  "Live": 0.00000000000000019841,
  "Minute": 0.00000000000000019841,
  "Minute_Fluctuation": 0.0,
  "Minute_5": 0.0000000000000002022366703478,
  "Minute_5_Fluctuation": 0.02158678231364496,
  "Minute_10": 0.0000000000000002050208684709,
  "Minute_10_Fluctuation": 0.03893153936639924,
  "Hour": 0.0000000000000002360298685127,
  "Hour_Fluctuation": 0.23677416235160564,
  "Day": 0.0000000000000001934528193153,
  "Day_Fluctuation": 0.08937307905325566,
  "ThreeDay": 0.0000000000000001887129090878,
  "ThreeDay_Fluctuation": 0.06760657022251038,
  "Week": 0.0000000000000001887129090878,
  "Week_Fluctuation": 0.06760657022251038,
  "Duration": "1.14:16:31.5804229",
  "Updated": "2021-07-23T08:09:09.5857104Z",
  "Failed": 0,
  "HashRate_Live": 393657117300.0,
  "HashRate_Average": 571877261397.7969,
  "BlockRate_Live": 47.0,
  "BlockRate_Average": 39.236936342729535,
  "Actual24h_Week": 0.0000477232339294482,
  "Estimate24h_Week": 0.0000851058416917649,
  "ErrorRatio": 0.822651914968792
}
