{
  "Live": 0.00000001832,
  "Minute": 0.00000001832,
  "Minute_Fluctuation": 0.0,
  "Minute_5": 0.0000000181981367540686,
  "Minute_5_Fluctuation": 0.010908331979137218,
  "Minute_10": 0.0000000180687959803849,
  "Minute_10_Fluctuation": 0.022999114091265725,
  "Hour": 0.0000000174935643703658,
  "Hour_Fluctuation": 0.08493343338862461,
  "Day": 0.0000000159971986965558,
  "Day_Fluctuation": 0.07012223207899637,
  "ThreeDay": 0.0000000157598485997177,
  "ThreeDay_Fluctuation": 0.058619103165350586,
  "Week": 0.0000000157598485997177,
  "Week_Fluctuation": 0.058619103165350586,
  "Duration": "1.14:16:31.5804229",
  "Updated": "2021-07-23T08:09:09.2663673Z",
  "Failed": 0,
  "HashRate_Live": 13444.0,
  "HashRate_Average": 21109.174805420298,
  "BlockRate_Live": 6.0,
  "BlockRate_Average": 5.574220159445215,
  "Actual24h_Week": 0.000006618030865209,
  "Estimate24h_Week": 0.00000793611943840199,
  "ErrorRatio": 0.932941678222349
}
