{
  "Live": 0.00000000003721,
  "Minute": 0.00000000003721,
  "Minute_Fluctuation": 0.0,
  "Minute_5": 0.0000000000365386092052166,
  "Minute_5_Fluctuation": 0.03681385117473907,
  "Minute_10": 0.0000000000374538538217927,
  "Minute_10_Fluctuation": 0.07418781194659213,
  "Hour": 0.0000000000455777957668213,
  "Hour_Fluctuation": 0.1783714182371678,
  "Day": 0.000000000057095607846315,
  "Day_Fluctuation": 0.08963708755682165,
  "ThreeDay": 0.0000000000580694292456735,
  "ThreeDay_Fluctuation": 0.07551149133895772,
  "Week": 0.0000000000580694292456735,
  "Week_Fluctuation": 0.07551149133895772,
  "Duration": "1.14:16:31.5804229",
  "Updated": "2021-07-23T08:09:10.2286369Z",
  "Failed": 0,
  "HashRate_Live": 10809180.0,
  "HashRate_Average": 14216918.922247676,
  "BlockRate_Live": 65.0,
  "BlockRate_Average": 63.8944846475626,
  "Actual24h_Week": 0.0000190651299284814,
  "Estimate24h_Week": 0.0000240905697802008,
  "ErrorRatio": 0.915774560043414
}
