{
  "Live": 0.00000000000224,
  "Minute": 0.00000000000224,
  "Minute_Fluctuation": 0.0,
  "Minute_5": 0.0000000000020515429163258,
  "Minute_5_Fluctuation": 0.13672616424729947,
  "Minute_10": 0.00000000000185553117878629,
  "Minute_10_Fluctuation": 0.1931238882184907,
  "Hour": 0.00000000000161537617890608,
  "Hour_Fluctuation": 0.20024496138736742,
  "Day": 0.00000000000239706122873953,
  "Day_Fluctuation": 0.14493746751617562,
  "ThreeDay": 0.00000000000246406230154998,
  "ThreeDay_Fluctuation": 0.12697540170227717,
  "Week": 0.00000000000246406230154998,
  "Week_Fluctuation": 0.12697540170227717,
  "Duration": "1.14:16:31.5804229",
  "Updated": "2021-07-23T08:09:13.1070288Z",
  "Failed": 0,
  "HashRate_Live": 461714711.0,
  "HashRate_Average": 577203470.989077,
  "BlockRate_Live": 410.0,
  "BlockRate_Average": 415.10496790144043,
  "Actual24h_Week": 0.00000108917424049071,
  "Estimate24h_Week": 0.000000965485851886402,
  "ErrorRatio": 1.05172485695174
}
