{
  "Live": 0.00000000000000002,
  "Minute": 0.00000000000000002,
  "Minute_Fluctuation": 0.0,
  "Minute_5": 0.00000000000000002,
  "Minute_5_Fluctuation": 3.081487918652686E-16,
  "Minute_10": 0.00000000000000002,
  "Minute_10_Fluctuation": 1.6340193976649826E-11,
  "Hour": 0.0000000000000000200331625881,
  "Hour_Fluctuation": 0.008740868430381441,
  "Day": 0.0000000000000000200999147864,
  "Day_Fluctuation": 0.005890180446762589,
  "ThreeDay": 0.0000000000000000200753769867,
  "ThreeDay_Fluctuation": 0.004218423382352177,
  "Week": 0.0000000000000000200753769867,
  "Week_Fluctuation": 0.004218423382352177,
  "Duration": "1.14:16:31.5804229",
  "Updated": "2021-07-23T08:09:10.2903585Z",
  "Failed": 0,
  "HashRate_Live": 13545983254.0,
  "HashRate_Average": 11961471531.850327,
  "BlockRate_Live": 147.0,
  "BlockRate_Average": 147.014518602096,
  "Actual24h_Week": 0.00000000896912874639758,
  "Estimate24h_Week": 0.00000000896912874639758,
  "ErrorRatio": 1.0
}
