{
  "Live": 0.00000000564,
  "Minute": 0.00000000564,
  "Minute_Fluctuation": 0.0,
  "Minute_5": 0.00000000522607535220937,
  "Minute_5_Fluctuation": 0.15826212487007868,
  "Minute_10": 0.00000000534866736809854,
  "Minute_10_Fluctuation": 0.16201774884339445,
  "Hour": 0.00000000441328091129977,
  "Hour_Fluctuation": 0.27664038015322345,
  "Day": 0.00000000444590089837258,
  "Day_Fluctuation": 0.1077152156624933,
  "ThreeDay": 0.00000000452316320004255,
  "ThreeDay_Fluctuation": 0.09008774960916885,
  "Week": 0.00000000452316320004255,
  "Week_Fluctuation": 0.09008774960916884,
  "Duration": "1.14:16:31.5804229",
  "Updated": "2021-07-23T08:09:13.8538857Z",
  "Failed": 0,
  "HashRate_Live": 33250.0,
  "HashRate_Average": 21779.497154701356,
  "BlockRate_Live": 43.0,
  "BlockRate_Average": 44.38748925764671,
  "Actual24h_Week": 0.00000174923488565371,
  "Estimate24h_Week": 0.00000183302214664698,
  "ErrorRatio": 0.981544468280262
}
