{
  "Live": 0.000000783879974232826,
  "Minute": 0.000000783662465236588,
  "Minute_Fluctuation": 0.002108579384922689,
  "Minute_5": 0.000000784368229456596,
  "Minute_5_Fluctuation": 0.004167329986646153,
  "Minute_10": 0.000000782179497400126,
  "Minute_10_Fluctuation": 0.010202359701602508,
  "Hour": 0.000000754504464650446,
  "Hour_Fluctuation": 0.07162312485526483,
  "Day": 0.000000721514626509441,
  "Day_Fluctuation": 0.1127728211878759,
  "ThreeDay": 0.000000721514626509441,
  "ThreeDay_Fluctuation": 0.1127728211878759,
  "Week": 0.000000721514626509441,
  "Week_Fluctuation": 0.1127728211878759,
  "Duration": "11:24:05.6663901",
  "Updated": "2021-07-23T08:11:09.3159502Z",
  "Failed": 0,
  "PowerDraw_Live": 85.4367516102548,
  "PowerDraw_Average": 85.27111748895487
}
